Err,iter,Loss,
0.509253741962,0,0.533684332228,
0.501240650652,1,0.526845189922,
0.491964674807,2,0.519223414947,
0.481488069299,3,0.51119253653,
0.471091505767,4,0.50349961313,
0.459414270595,5,0.494152488861,
0.446829893011,6,0.483222312146,
0.434352238063,7,0.47243443228,
0.422328154321,8,0.460970642381,
0.408925569854,9,0.447825970954,
0.396190001868,10,0.435028148095,
0.383507795199,11,0.421981305751,
0.371047927357,12,0.408489785754,
0.359824263391,13,0.396519063331,
0.349925738832,14,0.384619489332,
0.34153022474,15,0.373564802874,
0.334664401775,16,0.362252203378,
0.328625679245,17,0.353234140571,
0.324579112601,18,0.345816917317,
0.320995010717,19,0.340018320719,
0.318335838351,20,0.33505571811,
0.316165811403,21,0.331480509778,
0.313675616546,22,0.329034782686,
0.311558950916,23,0.328056491849,
0.310251598616,24,0.327327220498,
0.308775268808,25,0.326669097571,
0.308188294305,26,0.326420078085,
0.30802821035,27,0.326873649292,
0.30660524186,28,0.326980371928,
0.306454051458,29,0.327256072073,
0.306018267358,30,0.327567346431,
0.306027160911,31,0.327549559324,
0.306258393291,32,0.328065385402,
0.306311754609,33,0.328643466351,
0.306765325815,34,0.329097037557,
0.307281151893,35,0.329470566786,
0.308206081412,36,0.329835202462,
0.308970926975,37,0.330288773668,
0.309895856494,38,0.330920215935,
0.31058066008,39,0.331711742158,
0.311496696045,40,0.332316503766,
0.312074776994,41,0.332974626693,
0.312635070837,42,0.333357049475,
0.313337661529,43,0.334104107932,
0.314556078299,44,0.334771124412,
0.315827856387,45,0.335473715104,
0.31661938261,46,0.336220773561,
0.31737533462,47,0.336612089896,
0.318095712418,48,0.337243532164,
0.319127364573,49,0.337848293772,
0.320052294092,50,0.33877322329,
0.320665949253,51,0.339742620574,
0.32155530456,52,0.340276233758,
0.322471340525,53,0.340738698517,
0.323538566893,54,0.341316779467,
0.324365667328,55,0.342054944371,
0.325192767763,56,0.342464047812,
0.325993187538,57,0.343166638504,
0.326704671783,58,0.343424551543,
0.327425049582,59,0.344020419598,
0.327860833682,60,0.344438416592,
0.328438914631,61,0.344820839374,
0.329461673233,62,0.345221049261,
0.330173157478,63,0.345888065741,
0.330973577254,64,0.346119298121,
0.331489403332,65,0.346546188668,
0.331996335856,66,0.346937505003,
0.332512161934,67,0.347595627929,
0.332974626693,68,0.34835157994,
0.333463772112,69,0.348840725358,
0.333739472257,70,0.34945438052,
0.334059640167,71,0.349730080665,
0.334495424267,72,0.350076929234,
0.335224695618,73,0.350370416485,
0.335651586165,74,0.350788413479,
0.336007328288,75,0.351153049155,
0.336532047918,76,0.351606620361,
0.336923364253,77,0.351873426953,
0.3373502548,78,0.352140233545,
0.337937229302,79,0.352469295008,
0.338186248788,80,0.352709420941,
0.338470842486,81,0.35305626951,
0.338755436184,82,0.353367543867,
0.339146752519,83,0.353714392437,
0.339475813982,84,0.353998986135,
0.339795981893,85,0.354363621811,
0.340276233758,86,0.354585960637,
0.340551933903,87,0.354817193017,
0.340880995366,88,0.354888341441,
0.341227843936,89,0.355128467374,
0.341512437634,90,0.355368593307,
0.341957115287,91,0.355599825686,
0.342232815432,92,0.355751016088,
0.342455154259,93,0.356008929127,
0.3428642577,94,0.35624905506,
0.342988767442,95,0.356204587295,
0.343291148247,96,0.356257948613,
0.343718038794,97,0.356444713227,
0.34394037762,98,0.356675945607,
0.344109355128,99,0.356755987585,
0.344305013296,100,0.356987219964,
0.344527352122,101,0.357209558791,
0.344767478055,102,0.357227345897,
0.344883094245,103,0.357387429852,
0.345025391094,104,0.357405216958,
0.345167687943,105,0.357698704209,
0.345407813876,106,0.357858788164,
0.345550110725,107,0.358072233438,
0.345745768892,108,0.358285678712,
0.345834704423,109,0.358427975561,
0.345959214166,110,0.358481336879,
0.346208233651,111,0.358508017538,
0.346359424054,112,0.358641420834,
0.346555082221,113,0.358757037024,
0.346839675919,114,0.358730356365,
0.347053121192,115,0.358703675705,
0.347177630935,116,0.358703675705,
