Err,Iteration,MSE,
0.535658701008,0,24.0309032418,
0.516057310056,1,10.4889538573,
0.507217118311,2,6.5683581788,
0.502183367277,3,4.71298514529,
0.498697094476,4,3.6035971676,
0.49638477068,5,2.88183915537,
0.494668314939,6,2.39230235535,
0.491777910193,7,2.04961734581,
0.489483373503,8,1.8027442346,
0.487117688388,9,1.62001172777,
0.483417970313,10,1.48125929041,
0.4803319074,11,1.37336147221,
0.47673001841,12,1.28758956657,
0.473892974982,13,1.21802030068,
0.471029250896,14,1.16055625135,
0.467907613771,15,1.11231084557,
0.464483595841,16,1.07121483761,
0.461513149118,17,1.03575989788,
0.458649425032,18,1.0048286749,
0.455687871862,19,0.977580376136,
0.452619596055,20,0.95337259807,
0.449551320248,21,0.931707196051,
0.446518618653,22,0.912192325942,
0.44354817193,23,0.894515507206,
0.43980398609,24,0.878424287093,
0.436282139077,25,0.863712204668,
0.432831440489,26,0.850208488109,
0.429487464537,27,0.837770407468,
0.426472550048,28,0.826277534237,
0.423350912923,29,0.815627382997,
0.420371572647,30,0.805732064374,
0.417160999991,31,0.796515685122,
0.414092724184,32,0.787912305656,
0.410811003104,33,0.779864317743,
0.407742727297,34,0.772321142141,
0.404887896764,35,0.765238172481,
0.402050853336,36,0.758575910631,
0.398938109764,37,0.752299252558,
0.395780898427,38,0.746376893672,
0.392961642106,39,0.740780829968,
0.390258001974,40,0.735485936727,
0.387376490782,41,0.730469610532,
0.384477192483,42,0.72571146345,
0.381951423413,43,0.721193060468,
0.379505696321,44,0.716897693101,
0.37700660791,45,0.712810183388,
0.374872155175,46,0.70891671361,
0.372666554015,47,0.705204677863,
0.370487633514,48,0.701662552301,
0.368344287226,49,0.698279781384,
0.366067537642,50,0.69504667792,
0.363853042929,51,0.691954335003,
0.362198842059,52,0.688994548274,
0.360251153939,53,0.686159747146,
0.358294572265,54,0.683442933835,
0.356649264948,55,0.680837629216,
0.354612641296,56,0.678337824643,
0.352798356471,57,0.675937939007,
0.351144155602,58,0.673632780389,
0.349587783816,59,0.671417511768,
0.34812034756,60,0.669287620292,
0.34669737907,61,0.667238889707,
0.345096539519,62,0.665267375576,
0.343744719453,63,0.663369382968,
0.342339538069,64,0.661541446346,
0.341058866428,65,0.659780311396,
0.33978708834,66,0.658082918603,
0.338381906956,67,0.656446388363,
0.337154596633,68,0.654868007484,
0.336309709092,69,0.65334521692,
0.335091292322,70,0.651875600602,
0.334077427273,71,0.650456875271,
0.332805649185,72,0.64908688119,
0.331702848605,73,0.647763573659,
0.330680090003,74,0.646485015248,
0.329630650741,75,0.645249368677,
0.328545637268,76,0.644054890282,
0.327282752733,77,0.642899924006,
0.326455652298,78,0.64178289587,
0.32527280974,79,0.640702308876,
0.324187796266,80,0.639656738304,
0.323378482938,81,0.638644827363,
0.322391298548,82,0.637665283167,
0.321475262582,83,0.636716873011,
0.320594800829,84,0.635798420909,
0.319776593947,85,0.634908804382,
0.318727154686,86,0.634046951472,
0.317704396083,87,0.63321183796,
0.316806147224,88,0.632402484774,
0.315987940342,89,0.631617955568,
0.31528534965,90,0.630857354464,
0.314600546064,91,0.630119823937,
0.313942423137,92,0.62940454284,
0.313257619552,93,0.628710724543,
0.312403838458,94,0.628037615205,
0.311799076849,95,0.62738449213,
0.311149847476,96,0.626750662242,
0.310749637588,97,0.62613546064,
0.310162663086,98,0.625538249237,
0.309700198326,99,0.624958415486,
0.309077649612,100,0.62439537117,
0.308730801042,101,0.623848551268,
0.308286123389,102,0.623317412876,
0.307796977971,103,0.622801434197,
0.307023238854,104,0.622300113576,
0.306729751603,105,0.621812968598,
0.306160564207,106,0.621339535223,
0.305715886554,107,0.620879366973,
0.305315676666,108,0.620432034161,
0.30506665718,109,0.61999712316,
0.304666447292,110,0.619574235705,
0.304186195427,111,0.619162988233,
0.303812666198,112,0.61876301126,
0.303332414333,113,0.618373948783,
0.302949991551,114,0.617995457713,
0.302692078512,115,0.617627207338,
0.302291868624,116,0.617268878808,
0.301811616759,117,0.616920164648,
0.301446981083,118,0.616580768294,
0.300966729218,119,0.616250403645,
0.300459796693,120,0.615928794648,
0.300281925632,121,0.615615674887,
0.299819460873,122,0.615310787203,
0.299339209007,123,0.615013883329,
0.299072402415,124,0.614724723533,
0.299010147544,125,0.614443076289,
0.298689979634,126,0.614168717957,
0.298352024617,127,0.613901432473,
0.298103005132,128,0.613641011064,
0.297818411434,129,0.613387251961,
0.297560498395,130,0.613139960139,
0.297151394954,131,0.612898947058,
0.296813439937,132,0.612664030417,
0.296448804262,133,0.612435033924,
0.296226465435,134,0.612211787067,
0.296004126609,135,0.611994124905,
0.295941871737,136,0.611781887856,
0.295666171592,137,0.611574921506,
0.295532768296,138,0.611373076415,
0.29531042947,139,0.611176207938,
0.295177026174,140,0.610984176053,
0.295088090643,141,0.610796845191,
0.294954687347,142,0.610614084078,
0.294892432476,143,0.610435765582,
0.294536690353,144,0.610261766564,
0.294100906253,145,0.61009196774,
0.294003077169,146,0.60992625354,
0.293762951237,147,0.609764511983,
0.293451676879,148,0.60960663455,
0.293353847796,149,0.60945251606,
0.293131508969,150,0.60930205456,
0.292909170143,151,0.609155151212,
0.292642363551,152,0.609011710185,
0.292491173149,153,0.60887163855,
0.292526747361,154,0.608734846188,
0.292331089193,155,0.60860124569,
0.29223326011,156,0.608470752266,
0.291939772859,157,0.608343283656,
0.291788582457,158,0.608218760051,
0.291655179161,159,0.608097104003,
0.291619604948,160,0.607978240355,
0.29136169191,161,0.607862096158,
0.291219395061,162,0.607748600604,
0.290819185173,163,0.607637684953,
0.290854759385,164,0.607529282464,
0.290774717407,165,0.607423328336,
0.290605739899,166,0.607319759637,
0.290507910815,167,0.607218515251,
0.290303359095,168,0.607119535815,
0.290045446056,169,0.607022763663,
0.289858681442,170,0.606928142778,
0.289725278146,171,0.606835618729,
0.289618555509,172,0.60674513863,
0.289396216683,173,0.606656651088,
0.289227239174,174,0.606570106154,
0.289147197197,175,0.606485455283,
0.289013793901,176,0.606402651282,
0.28883592284,177,0.606321648279,
0.288746987309,178,0.606242401671,
0.288471287164,179,0.606164868091,
0.288400138739,180,0.606089005372,
0.288293416103,181,0.606014772503,
0.288115545041,182,0.6059421296,
0.288035503064,183,0.605871037869,
0.287973248192,184,0.605801459572,
0.287857632003,185,0.605733358,
0.2877064416,186,0.605666697434,
0.287626399623,187,0.605601443123,
0.287475209221,188,0.605537561251,
0.287279551053,189,0.605475018909,
0.287324018819,190,0.60541378407,
0.287288444607,191,0.605353825561,
0.287092786439,192,0.605295113039,
0.286914915378,193,0.605237616966,
0.286825979847,194,0.605181308586,
0.28671925721,195,0.6051261599,
0.286737044317,196,0.605072143648,
0.286585853914,197,0.605019233283,
0.286443557065,198,0.604967402953,
0.286336834429,199,0.604916627481,
0.286319047323,200,0.604866882344,
0.28619453758,201,0.604818143656,
0.286123389155,202,0.604770388147,
0.285936624541,203,0.604723593149,
0.285892156776,204,0.604677736576,
0.285874369669,205,0.604632796911,
0.285821008351,206,0.604588753184,
0.285829901904,207,0.604545584962,
0.285767647033,208,0.604503272332,
0.285669817949,209,0.604461795887,
0.285625350184,210,0.604421136709,
0.285563095312,211,0.604381276359,
0.285696498608,212,0.604342196863,
0.285652030843,213,0.604303880697,
0.285571988865,214,0.604266310777,
0.2855275211,215,0.604229470444,
0.28541190491,216,0.604193343457,
0.285331862933,217,0.604157913975,
0.285260714508,218,0.604123166553,
0.285118417659,219,0.604089086127,
0.285082843447,220,0.604055658002,
0.284940546598,221,0.604022867848,
0.28497612081,222,0.603990701684,
0.285002801469,223,0.603959145874,
0.284913865939,224,0.603928187111,
0.284869398173,225,0.603897812416,
0.28486050462,226,0.603868009122,
0.284807143302,227,0.603838764871,
0.284780462643,228,0.603810067604,
0.2846559529,229,0.60378190555,
0.284584804475,230,0.603754267224,
0.284504762498,231,0.603727141416,
0.284398039861,232,0.603700517183,
0.284344678543,233,0.603674383844,
0.284229062353,234,0.603648730973,
0.284149020375,235,0.603623548391,
0.284157913928,236,0.603598826159,
0.284140126822,237,0.603574554576,
0.284157913928,238,0.603550724168,
0.284122339716,239,0.603527325684,
0.28419348814,240,0.603504350089,
0.284149020375,241,0.603481788562,
0.284131233269,242,0.603459632487,
0.284131233269,243,0.603437873448,
0.284024510632,244,0.603416503225,
0.283971149314,245,0.60339551379,
0.283962255761,246,0.603374897299,
0.284033404185,247,0.60335464609,
0.283962255761,248,0.603334752677,
0.283971149314,249,0.603315209746,
0.283882213783,250,0.603296010152,
0.283891107336,251,0.60327714691,
0.283935575102,252,0.603258613199,
0.283908894442,253,0.603240402349,
0.283953362208,254,0.603222507844,
0.283935575102,255,0.603204923315,
0.283908894442,256,0.603187642536,
0.283748810487,257,0.603170659423,
0.283695449169,258,0.603153968027,
0.283642087851,259,0.603137562534,
0.283624300744,260,0.60312143726,
0.283482003895,261,0.603105586648,
0.283464216789,262,0.603090005263,
0.283384174812,263,0.603074687793,
0.283339707046,264,0.603059629043,
0.283286345728,265,0.603044823933,
0.283250771516,266,0.603030267496,
0.28320630375,267,0.603015954873,
0.283197410197,268,0.603001881312,
0.283046219795,269,0.602988042166,
0.282983964924,270,0.60297443289,
0.283064006901,271,0.602961049036,
0.283090687561,272,0.602947886255,
0.283055113348,273,0.602934940293,
0.283028432689,274,0.602922206985,
0.282975071371,275,0.602909682259,
0.282948390712,276,0.60289736213,
0.282939497159,277,0.602885242698,
0.282966177818,278,0.602873320148,
0.282948390712,279,0.602861590746,
0.282921710052,280,0.602850050838,
0.282930603605,281,0.602838696848,
0.282939497159,282,0.602827525276,
0.28288613584,283,0.602816532697,
0.282868348734,284,0.602805715756,
0.282859455181,285,0.602795071172,
0.28288613584,286,0.602784595732,
0.282877242287,287,0.602774286289,
0.282841668075,288,0.602764139766,
0.282877242287,289,0.602754153147,
0.282832774522,290,0.602744323479,
0.282779413203,291,0.602734647872,
0.282761626097,292,0.602725123496,
0.28277051965,293,0.602715747579,
0.282734945438,294,0.602706517408,
0.28265490346,295,0.602697430323,
0.282628222801,296,0.602688483721,
0.282539287271,297,0.602679675053,
0.282512606611,298,0.60267100182,
0.28245035174,299,0.602662461576,
0.282548180824,300,0.602654051925,
0.282423671081,301,0.602645770519,
0.282494819505,302,0.602637615058,
0.282485925952,303,0.602629583288,
0.282396990422,304,0.602621673002,
0.28233473555,305,0.602613882037,
0.282263587126,306,0.602606208272,
0.28224580002,307,0.602598649631,
0.282281374232,308,0.602591204078,
0.282281374232,309,0.602583869619,
0.282263587126,310,0.602576644299,
0.282263587126,311,0.602569526201,
0.282290267785,312,0.602562513448,
0.28221911936,313,0.6025556042,
0.282228012913,314,0.602548796651,
0.282156864489,315,0.602542089033,
0.282139077383,316,0.602535479612,
0.282112396724,317,0.602528966689,
0.282156864489,318,0.602522548597,
0.282174651595,319,0.602516223702,
0.282139077383,320,0.602509990401,
0.282210225807,321,0.602503847125,
0.28221911936,322,0.602497792332,
0.282201332254,323,0.602491824513,
0.282112396724,324,0.602485942185,
0.282085716064,325,0.602480143896,
0.28201456764,326,0.602474428222,
0.282041248299,327,0.602468793765,
0.282050141852,328,0.602463239153,
0.282059035405,329,0.602457763044,
0.282050141852,330,0.602452364117,
0.281996780534,331,0.60244704108,
0.28201456764,332,0.602441792662,
0.28201456764,333,0.60243661762,
0.281943419215,334,0.60243151473,
0.281925632109,335,0.602426482796,
0.281907845003,336,0.60242152064,
0.281827803026,337,0.602416627109,
0.281792228813,338,0.60241180107,
0.281685506177,339,0.602407041413,
0.281614357752,340,0.602402347046,
0.281596570646,341,0.602397716901,
0.281569889987,342,0.602393149926,
0.281525422221,343,0.60238864509,
0.281507635115,344,0.602384201382,
0.281498741562,345,0.60237981781,
0.281534315774,346,0.602375493397,
0.281507635115,347,0.602371227187,
0.28146316735,348,0.602367018241,
0.281489848009,349,0.602362865636,
0.281552102881,350,0.602358768467,
0.281480954456,351,0.602354725845,
0.281507635115,352,0.602350736898,
0.281507635115,353,0.602346800767,
0.281534315774,354,0.602342916613,
0.281543209328,355,0.602339083607,
0.281543209328,356,0.60233530094,
0.281480954456,357,0.602331567814,
0.281489848009,358,0.602327883447,
0.281489848009,359,0.602324247069,
0.281552102881,360,0.602320657927,
0.281587677093,361,0.602317115279,
0.28157878354,362,0.602313618396,
0.281543209328,363,0.602310166563,
0.28157878354,364,0.602306759077,
0.281649931964,365,0.602303395249,
0.281649931964,366,0.602300074399,
0.281623251305,367,0.602296795863,
0.28166771907,368,0.602293558984,
0.281649931964,369,0.602290363121,
0.281614357752,370,0.602287207641,
0.281605464199,371,0.602284091924,
0.28169439973,372,0.60228101536,
0.28169439973,373,0.602277977348,
0.28166771907,374,0.602274977301,
0.281685506177,375,0.602272014638,
0.281703293283,376,0.602269088792,
0.281685506177,377,0.602266199204,
0.281729973942,378,0.602263345323,
0.281729973942,379,0.602260526609,
0.281729973942,380,0.602257742532,
0.281738867495,381,0.602254992571,
0.281721080389,382,0.602252276211,
0.28169439973,383,0.602249592949,
0.281685506177,384,0.60224694229,
0.28169439973,385,0.602244323746,
0.28166771907,386,0.602241736837,
0.28169439973,387,0.602239181094,
0.281729973942,388,0.602236656053,
0.281703293283,389,0.602234161259,
0.281676612624,390,0.602231696264,
0.281641038411,391,0.602229260628,
0.281560996434,392,0.602226853919,
0.281525422221,393,0.60222447571,
0.281472060903,394,0.602222125584,
0.281454273797,395,0.602219803129,
0.281418699585,396,0.602217507939,
0.281383125372,397,0.602215239618,
0.281392018925,398,0.602212997773,
0.281365338266,399,0.60221078202,
0.28134755116,400,0.602208591979,
0.281365338266,401,0.602206427279,
0.281445380244,402,0.602204287553,
0.281436486691,403,0.60220217244,
0.281400912479,404,0.602200081586,
0.281374231819,405,0.602198014643,
0.281374231819,406,0.602195971266,
0.281392018925,407,0.602193951119,
0.281427593138,408,0.602191953869,
0.281400912479,409,0.60218997919,
0.281409806032,410,0.60218802676,
0.281445380244,411,0.602186096263,
0.281374231819,412,0.602184187388,
0.281374231819,413,0.602182299829,
0.281356444713,414,0.602180433283,
0.28134755116,415,0.602178587456,
0.281311976948,416,0.602176762054,
0.281311976948,417,0.602174956791,
0.281320870501,418,0.602173171384,
0.281311976948,419,0.602171405555,
0.281311976948,420,0.602169659031,
0.281240828523,421,0.602167931541,
0.28123193497,422,0.602166222821,
0.281267509183,423,0.602164532611,
0.281294189842,424,0.602162860652,
0.281276402736,425,0.602161206692,
0.281285296289,426,0.602159570483,
0.28134755116,427,0.602157951779,
0.281311976948,428,0.60215635034,
0.281320870501,429,0.602154765927,
0.281338657607,430,0.602153198307,
0.281311976948,431,0.60215164725,
0.281303083395,432,0.602150112529,
0.281294189842,433,0.602148593922,
0.281276402736,434,0.602147091208,
0.281267509183,435,0.602145604172,
0.281285296289,436,0.602144132601,
0.281267509183,437,0.602142676285,
0.28123193497,438,0.602141235018,
0.281240828523,439,0.602139808596,
0.281285296289,440,0.60213839682,
0.281276402736,441,0.602136999492,
0.281267509183,442,0.602135616418,
0.28125861563,443,0.602134247407,
0.281303083395,444,0.602132892271,
0.281294189842,445,0.602131550825,
0.281320870501,446,0.602130222886,
0.281311976948,447,0.602128908274,
0.281285296289,448,0.602127606812,
0.281267509183,449,0.602126318326,
0.281267509183,450,0.602125042644,
0.281294189842,451,0.602123779596,
0.281320870501,452,0.602122529016,
0.281311976948,453,0.60212129074,
0.281329764054,454,0.602120064607,
0.281311976948,455,0.602118850456,
0.281303083395,456,0.602117648131,
0.281294189842,457,0.602116457477,
0.281311976948,458,0.602115278341,
0.281311976948,459,0.602114110575,
0.281303083395,460,0.60211295403,
0.281276402736,461,0.60211180856,
0.281285296289,462,0.602110674021,
0.281276402736,463,0.602109550274,
0.281285296289,464,0.602108437177,
0.281276402736,465,0.602107334594,
0.28125861563,466,0.60210624239,
0.281249722076,467,0.602105160431,
0.281223041417,468,0.602104088587,
0.281240828523,469,0.602103026727,
0.281223041417,470,0.602101974724,
0.281240828523,471,0.602100932452,
0.281240828523,472,0.602099899788,
0.281240828523,473,0.60209887661,
0.281303083395,474,0.602097862797,
0.281303083395,475,0.602096858231,
0.28125861563,476,0.602095862795,
0.28125861563,477,0.602094876374,
0.281249722076,478,0.602093898855,
0.281276402736,479,0.602092930125,
0.28123193497,480,0.602091970075,
0.28125861563,481,0.602091018595,
0.281223041417,482,0.602090075579,
0.28123193497,483,0.602089140921,
0.281240828523,484,0.602088214518,
0.281249722076,485,0.602087296266,
0.281276402736,486,0.602086386065,
0.281276402736,487,0.602085483814,
0.281276402736,488,0.602084589417,
0.28125861563,489,0.602083702775,
0.28125861563,490,0.602082823793,
0.281249722076,491,0.602081952378,
0.281249722076,492,0.602081088436,
0.28125861563,493,0.602080231877,
0.28125861563,494,0.602079382609,
0.281249722076,495,0.602078540544,
0.281276402736,496,0.602077705595,
0.281276402736,497,0.602076877674,
0.281285296289,498,0.602076056697,
0.281276402736,499,0.60207524258,
0.281294189842,500,0.60207443524,
0.281311976948,501,0.602073634595,
0.281320870501,502,0.602072840564,
0.281329764054,503,0.602072053069,
0.281329764054,504,0.602071272031,
0.281356444713,505,0.602070497372,
0.281311976948,506,0.602069729017,
0.281303083395,507,0.60206896689,
0.281303083395,508,0.602068210918,
0.281294189842,509,0.602067461027,
0.281276402736,510,0.602066717146,
0.281285296289,511,0.602065979203,
0.281311976948,512,0.602065247128,
0.281285296289,513,0.602064520853,
0.281303083395,514,0.602063800309,
0.281303083395,515,0.602063085428,
0.281294189842,516,0.602062376146,
0.281294189842,517,0.602061672396,
0.281320870501,518,0.602060974113,
0.281329764054,519,0.602060281235,
0.28134755116,520,0.602059593699,
0.281338657607,521,0.602058911442,
0.281356444713,522,0.602058234404,
0.281356444713,523,0.602057562524,
0.281338657607,524,0.602056895743,
0.281311976948,525,0.602056234004,
0.281311976948,526,0.602055577246,
0.281356444713,527,0.602054925415,
0.281365338266,528,0.602054278454,
0.281365338266,529,0.602053636306,
0.281365338266,530,0.602052998918,
0.281400912479,531,0.602052366236,
0.281392018925,532,0.602051738205,
0.281383125372,533,0.602051114775,
0.281356444713,534,0.602050495892,
0.281320870501,535,0.602049881506,
0.281294189842,536,0.602049271566,
0.281285296289,537,0.602048666023,
0.281276402736,538,0.602048064828,
0.281249722076,539,0.602047467931,
0.281249722076,540,0.602046875286,
0.28125861563,541,0.602046286845,
0.281276402736,542,0.602045702561,
0.281285296289,543,0.602045122389,
0.281294189842,544,0.602044546283,
0.281285296289,545,0.602043974199,
0.281276402736,546,0.602043406092,
0.281267509183,547,0.602042841919,
0.28125861563,548,0.602042281637,
0.281249722076,549,0.602041725204,
0.281223041417,550,0.602041172577,
0.281205254311,551,0.602040623717,
0.281187467205,552,0.60204007858,
0.281205254311,553,0.602039537129,
0.281223041417,554,0.602038999322,
0.281214147864,555,0.602038465121,
0.281196360758,556,0.602037934487,
0.281205254311,557,0.602037407382,
0.281214147864,558,0.602036883768,
0.281240828523,559,0.602036363609,
0.281205254311,560,0.602035846867,
0.281205254311,561,0.602035333506,
0.281187467205,562,0.602034823491,
0.281160786546,563,0.602034316786,
0.281160786546,564,0.602033813357,
0.281196360758,565,0.602033313169,
0.281187467205,566,0.602032816189,
0.281196360758,567,0.602032322382,
0.281187467205,568,0.602031831716,
0.281205254311,569,0.602031344159,
0.281196360758,570,0.602030859677,
0.281196360758,571,0.60203037824,
0.281205254311,572,0.602029899815,
0.281205254311,573,0.602029424373,
0.281196360758,574,0.602028951882,
0.281214147864,575,0.602028482313,
0.281214147864,576,0.602028015634,
0.281214147864,577,0.602027551818,
0.281187467205,578,0.602027090835,
0.281187467205,579,0.602026632656,
0.281205254311,580,0.602026177254,
0.281205254311,581,0.602025724599,
0.281196360758,582,0.602025274665,
0.281169680099,583,0.602024827425,
0.281178573652,584,0.602024382851,
0.281196360758,585,0.602023940917,
0.281240828523,586,0.602023501596,
0.281240828523,587,0.602023064864,
0.281267509183,588,0.602022630694,
0.281267509183,589,0.60202219906,
0.281249722076,590,0.602021769939,
0.281240828523,591,0.602021343306,
0.281240828523,592,0.602020919136,
0.28123193497,593,0.602020497405,
0.281240828523,594,0.60202007809,
0.281240828523,595,0.602019661167,
0.281240828523,596,0.602019246613,
0.281240828523,597,0.602018834405,
0.281249722076,598,0.602018424522,
0.281249722076,599,0.602018016939,
0.281240828523,600,0.602017611637,
0.28125861563,601,0.602017208592,
0.281267509183,602,0.602016807784,
0.28125861563,603,0.602016409191,
0.281267509183,604,0.602016012793,
0.281285296289,605,0.602015618568,
0.281294189842,606,0.602015226497,
0.281249722076,607,0.602014836559,
0.28123193497,608,0.602014448734,
0.28123193497,609,0.602014063004,
0.28123193497,610,0.602013679347,
0.281223041417,611,0.602013297746,
0.281205254311,612,0.602012918181,
0.281187467205,613,0.602012540633,
0.281196360758,614,0.602012165085,
0.281196360758,615,0.602011791517,
0.281169680099,616,0.602011419912,
0.281151892993,617,0.602011050253,
0.28114299944,618,0.602010682521,
0.281151892993,619,0.602010316698,
0.281169680099,620,0.602009952769,
0.281134105887,621,0.602009590716,
0.281125212334,622,0.602009230522,
0.28114299944,623,0.60200887217,
0.281125212334,624,0.602008515645,
0.28114299944,625,0.60200816093,
0.28114299944,626,0.602007808009,
0.281151892993,627,0.602007456867,
0.28114299944,628,0.602007107488,
0.281169680099,629,0.602006759856,
0.281178573652,630,0.602006413956,
0.281160786546,631,0.602006069774,
0.281160786546,632,0.602005727294,
0.281169680099,633,0.602005386502,
0.281187467205,634,0.602005047382,
0.281205254311,635,0.602004709922,
0.281214147864,636,0.602004374107,
0.281240828523,637,0.602004039923,
0.281240828523,638,0.602003707355,
0.281240828523,639,0.602003376391,
0.28123193497,640,0.602003047016,
0.281214147864,641,0.602002719218,
0.281214147864,642,0.602002392984,
0.281223041417,643,0.602002068299,
0.281223041417,644,0.602001745152,
0.281223041417,645,0.60200142353,
0.281214147864,646,0.60200110342,
0.281196360758,647,0.602000784809,
0.281196360758,648,0.602000467686,
0.281223041417,649,0.602000152038,
0.281223041417,650,0.601999837853,
0.281223041417,651,0.60199952512,
0.281214147864,652,0.601999213826,
0.281205254311,653,0.601998903961,
0.28123193497,654,0.601998595512,
0.281223041417,655,0.601998288468,
0.281205254311,656,0.601997982819,
0.281205254311,657,0.601997678552,
0.281187467205,658,0.601997375658,
0.281187467205,659,0.601997074125,
0.281187467205,660,0.601996773943,
0.281196360758,661,0.6019964751,
0.281178573652,662,0.601996177588,
0.281160786546,663,0.601995881394,
0.281196360758,664,0.60199558651,
0.281205254311,665,0.601995292924,
0.281187467205,666,0.601995000628,
0.281187467205,667,0.60199470961,
0.281205254311,668,0.601994419863,
0.281196360758,669,0.601994131374,
0.281196360758,670,0.601993844136,
0.281214147864,671,0.601993558139,
0.281205254311,672,0.601993273373,
0.281205254311,673,0.601992989829,
0.281205254311,674,0.601992707499,
0.281196360758,675,0.601992426372,
0.281196360758,676,0.601992146441,
0.281196360758,677,0.601991867696,
0.281178573652,678,0.601991590128,
0.281196360758,679,0.60199131373,
0.281205254311,680,0.601991038492,
0.281196360758,681,0.601990764406,
0.281187467205,682,0.601990491463,
0.281196360758,683,0.601990219656,
0.281169680099,684,0.601989948977,
0.281169680099,685,0.601989679416,
0.281169680099,686,0.601989410967,
0.281187467205,687,0.601989143621,
0.281169680099,688,0.601988877371,
0.281169680099,689,0.601988612208,
0.281169680099,690,0.601988348126,
0.281151892993,691,0.601988085116,
0.281160786546,692,0.601987823171,
0.281151892993,693,0.601987562284,
0.281160786546,694,0.601987302447,
0.281178573652,695,0.601987043654,
0.281187467205,696,0.601986785896,
0.281178573652,697,0.601986529167,
0.281178573652,698,0.60198627346,
0.281160786546,699,0.601986018768,
0.281151892993,700,0.601985765085,
0.281134105887,701,0.601985512402,
0.281125212334,702,0.601985260714,
0.281116318781,703,0.601985010014,
0.281125212334,704,0.601984760296,
0.281116318781,705,0.601984511552,
0.281098531674,706,0.601984263776,
0.281080744568,707,0.601984016963,
0.281089638121,708,0.601983771105,
0.281089638121,709,0.601983526197,
0.281089638121,710,0.601983282232,
0.281107425227,711,0.601983039205,
0.281098531674,712,0.601982797108,
0.281080744568,713,0.601982555937,
0.281080744568,714,0.601982315684,
0.281080744568,715,0.601982076346,
0.281071851015,716,0.601981837914,
0.281080744568,717,0.601981600385,
0.281080744568,718,0.601981363752,
0.281071851015,719,0.601981128009,
0.281080744568,720,0.601980893151,
0.281071851015,721,0.601980659173,
0.281080744568,722,0.601980426069,
0.281089638121,723,0.601980193833,
0.281089638121,724,0.60197996246,
0.281098531674,725,0.601979731945,
0.281107425227,726,0.601979502283,
0.281098531674,727,0.601979273469,
0.281089638121,728,0.601979045496,
0.281098531674,729,0.601978818361,
0.281089638121,730,0.601978592059,
0.281089638121,731,0.601978366583,
0.281089638121,732,0.60197814193,
0.281089638121,733,0.601977918094,
0.281098531674,734,0.601977695071,
0.281098531674,735,0.601977472855,
0.281080744568,736,0.601977251443,
0.281071851015,737,0.601977030829,
0.281071851015,738,0.601976811008,
0.281098531674,739,0.601976591977,
0.281089638121,740,0.60197637373,
0.281098531674,741,0.601976156263,
0.281107425227,742,0.601975939571,
0.281125212334,743,0.601975723651,
0.281116318781,744,0.601975508497,
0.281107425227,745,0.601975294106,
0.281107425227,746,0.601975080472,
0.281107425227,747,0.601974867592,
0.281107425227,748,0.601974655462,
0.281098531674,749,0.601974444077,
0.281098531674,750,0.601974233433,
0.281098531674,751,0.601974023527,
0.281098531674,752,0.601973814353,
0.281098531674,753,0.601973605908,
0.281098531674,754,0.601973398188,
0.281107425227,755,0.60197319119,
0.281107425227,756,0.601972984908,
0.281116318781,757,0.601972779339,
0.281125212334,758,0.60197257448,
0.281134105887,759,0.601972370326,
0.281134105887,760,0.601972166874,
0.28114299944,761,0.60197196412,
0.28114299944,762,0.601971762061,
0.28114299944,763,0.601971560691,
0.281134105887,764,0.601971360009,
0.28114299944,765,0.60197116001,
0.281151892993,766,0.601970960691,
0.281151892993,767,0.601970762049,
0.281151892993,768,0.601970564078,
0.28114299944,769,0.601970366778,
0.28114299944,770,0.601970170142,
0.281134105887,771,0.60196997417,
0.28114299944,772,0.601969778856,
0.281151892993,773,0.601969584198,
0.281134105887,774,0.601969390192,
0.281134105887,775,0.601969196835,
0.281125212334,776,0.601969004123,
0.281125212334,777,0.601968812055,
0.281107425227,778,0.601968620625,
0.281107425227,779,0.601968429831,
0.281116318781,780,0.60196823967,
0.281116318781,781,0.601968050139,
0.281116318781,782,0.601967861235,
0.281116318781,783,0.601967672954,
0.281125212334,784,0.601967485294,
0.281134105887,785,0.601967298251,
0.281125212334,786,0.601967111822,
0.281107425227,787,0.601966926005,
0.281116318781,788,0.601966740797,
0.281107425227,789,0.601966556194,
0.281098531674,790,0.601966372193,
0.281089638121,791,0.601966188793,
0.281071851015,792,0.601966005989,
0.281062957462,793,0.60196582378,
0.281062957462,794,0.601965642162,
0.281071851015,795,0.601965461132,
0.281071851015,796,0.601965280688,
0.281071851015,797,0.601965100827,
0.281062957462,798,0.601964921547,
0.281071851015,799,0.601964742844,
0.281080744568,800,0.601964564716,
0.281080744568,801,0.60196438716,
0.281080744568,802,0.601964210173,
0.281089638121,803,0.601964033754,
0.281089638121,804,0.6019638579,
0.281089638121,805,0.601963682607,
0.281080744568,806,0.601963507873,
0.281062957462,807,0.601963333696,
0.281080744568,808,0.601963160074,
0.281080744568,809,0.601962987003,
0.281071851015,810,0.601962814481,
0.281098531674,811,0.601962642507,
0.281089638121,812,0.601962471076,
0.281089638121,813,0.601962300188,
0.281098531674,814,0.60196212984,
0.281089638121,815,0.601961960028,
0.281089638121,816,0.601961790752,
0.281080744568,817,0.601961622008,
0.281071851015,818,0.601961453794,
0.281071851015,819,0.601961286108,
0.281071851015,820,0.601961118948,
0.281080744568,821,0.601960952311,
0.281062957462,822,0.601960786196,
0.281062957462,823,0.601960620599,
0.281054063909,824,0.601960455518,
0.281054063909,825,0.601960290953,
0.281062957462,826,0.601960126899,
0.281062957462,827,0.601959963355,
0.281062957462,828,0.60195980032,
0.281062957462,829,0.60195963779,
0.281045170356,830,0.601959475764,
0.281036276803,831,0.601959314239,
0.28102738325,832,0.601959153214,
0.281009596144,833,0.601958992686,
0.281009596144,834,0.601958832654,
0.281009596144,835,0.601958673115,
0.28102738325,836,0.601958514067,
0.28102738325,837,0.601958355508,
0.281009596144,838,0.601958197436,
0.28102738325,839,0.60195803985,
0.281036276803,840,0.601957882747,
0.281036276803,841,0.601957726125,
0.28102738325,842,0.601957569983,
0.281009596144,843,0.601957414317,
0.281000702591,844,0.601957259128,
0.281000702591,845,0.601957104412,
0.280991809038,846,0.601956950167,
0.280991809038,847,0.601956796392,
0.280982915485,848,0.601956643086,
0.280991809038,849,0.601956490245,
0.281000702591,850,0.601956337868,
0.281009596144,851,0.601956185954,
0.281009596144,852,0.6019560345,
0.281009596144,853,0.601955883505,
0.281009596144,854,0.601955732967,
0.281009596144,855,0.601955582884,
0.281018489697,856,0.601955433254,
0.281036276803,857,0.601955284076,
0.281045170356,858,0.601955135348,
0.281018489697,859,0.601954987068,
0.281018489697,860,0.601954839235,
0.281018489697,861,0.601954691846,
0.281009596144,862,0.6019545449,
0.281018489697,863,0.601954398395,
0.281036276803,864,0.60195425233,
0.281036276803,865,0.601954106703,
0.28102738325,866,0.601953961512,
0.28102738325,867,0.601953816756,
0.28102738325,868,0.601953672432,
0.281036276803,869,0.60195352854,
0.281045170356,870,0.601953385078,
0.281018489697,871,0.601953242043,
0.28102738325,872,0.601953099436,
0.28102738325,873,0.601952957253,
0.28102738325,874,0.601952815493,
0.281036276803,875,0.601952674155,
0.281018489697,876,0.601952533238,
0.28102738325,877,0.601952392739,
0.281054063909,878,0.601952252657,
0.281036276803,879,0.601952112991,
0.281045170356,880,0.601951973738,
0.281036276803,881,0.601951834899,
0.281018489697,882,0.60195169647,
0.281018489697,883,0.601951558451,
0.281036276803,884,0.601951420839,
0.28102738325,885,0.601951283635,
0.281018489697,886,0.601951146835,
0.281018489697,887,0.601951010439,
0.281009596144,888,0.601950874445,
0.281000702591,889,0.601950738852,
0.280991809038,890,0.601950603658,
0.280982915485,891,0.601950468862,
0.280982915485,892,0.601950334463,
0.280991809038,893,0.601950200458,
0.280974021932,894,0.601950066847,
0.280991809038,895,0.601949933629,
0.281009596144,896,0.601949800801,
0.281009596144,897,0.601949668362,
0.281018489697,898,0.601949536312,
0.281009596144,899,0.601949404648,
0.281009596144,900,0.60194927337,
0.281018489697,901,0.601949142476,
0.281018489697,902,0.601949011964,
0.281018489697,903,0.601948881834,
0.281009596144,904,0.601948752084,
0.281009596144,905,0.601948622712,
0.281000702591,906,0.601948493718,
0.281009596144,907,0.601948365099,
0.281018489697,908,0.601948236856,
0.281018489697,909,0.601948108986,
0.281036276803,910,0.601947981488,
0.281036276803,911,0.601947854361,
0.281036276803,912,0.601947727604,
0.28102738325,913,0.601947601215,
0.281018489697,914,0.601947475193,
0.281009596144,915,0.601947349537,
0.281018489697,916,0.601947224245,
0.281018489697,917,0.601947099317,
0.28102738325,918,0.601946974751,
0.28102738325,919,0.601946850546,
0.281045170356,920,0.601946726701,
0.281045170356,921,0.601946603214,
0.281045170356,922,0.601946480085,
0.281036276803,923,0.601946357311,
0.281045170356,924,0.601946234893,
0.281054063909,925,0.601946112828,
0.281054063909,926,0.601945991115,
0.281054063909,927,0.601945869754,
0.281054063909,928,0.601945748743,
0.281054063909,929,0.601945628081,
0.281054063909,930,0.601945507767,
0.281071851015,931,0.601945387799,
0.281062957462,932,0.601945268178,
0.281054063909,933,0.6019451489,
0.281080744568,934,0.601945029966,
0.281089638121,935,0.601944911373,
0.281089638121,936,0.601944793122,
0.281098531674,937,0.601944675211,
0.281098531674,938,0.601944557638,
0.281098531674,939,0.601944440404,
0.281098531674,940,0.601944323505,
0.281089638121,941,0.601944206942,
0.281080744568,942,0.601944090714,
0.281080744568,943,0.601943974819,
0.281080744568,944,0.601943859255,
0.281062957462,945,0.601943744023,
0.281054063909,946,0.601943629122,
0.281071851015,947,0.601943514549,
0.281080744568,948,0.601943400303,
0.281071851015,949,0.601943286385,
0.281071851015,950,0.601943172793,
0.281062957462,951,0.601943059525,
0.281080744568,952,0.601942946581,
0.281071851015,953,0.60194283396,
0.281071851015,954,0.60194272166,
0.281054063909,955,0.601942609681,
0.281054063909,956,0.601942498022,
0.281062957462,957,0.601942386681,
0.281054063909,958,0.601942275657,
0.281062957462,959,0.60194216495,
0.281071851015,960,0.601942054559,
0.281062957462,961,0.601941944482,
0.281062957462,962,0.601941834719,
0.281071851015,963,0.601941725268,
0.281045170356,964,0.601941616129,
0.281054063909,965,0.6019415073,
0.281054063909,966,0.601941398781,
0.281054063909,967,0.601941290571,
0.281054063909,968,0.601941182668,
0.281062957462,969,0.601941075072,
0.281080744568,970,0.601940967782,
0.281071851015,971,0.601940860796,
0.281089638121,972,0.601940754114,
0.281098531674,973,0.601940647735,
0.281107425227,974,0.601940541658,
0.281116318781,975,0.601940435882,
0.281125212334,976,0.601940330406,
0.281134105887,977,0.601940225229,
0.281134105887,978,0.60194012035,
0.281134105887,979,0.601940015768,
0.28114299944,980,0.601939911483,
0.28114299944,981,0.601939807493,
0.28114299944,982,0.601939703798,
0.281134105887,983,0.601939600396,
0.28114299944,984,0.601939497287,
0.28114299944,985,0.601939394469,
0.281134105887,986,0.601939291943,
0.281134105887,987,0.601939189706,
0.281134105887,988,0.601939087758,
0.281151892993,989,0.601938986099,
0.281169680099,990,0.601938884727,
0.281178573652,991,0.601938783641,
0.281187467205,992,0.601938682841,
0.281196360758,993,0.601938582326,
0.281187467205,994,0.601938482094,
0.281187467205,995,0.601938382146,
0.281187467205,996,0.601938282479,
0.281169680099,997,0.601938183093,
0.281169680099,998,0.601938083988,
0.281169680099,999,0.601937985163,
