Err,Iteration,MSE,
0.514171876807,0,18.1051359043,
0.481034498092,1,11.5542658249,
0.450609653062,2,6.57320885566,
0.434645725314,3,4.02578815844,
0.424827242732,4,3.54443274031,
0.420282637116,5,2.30606250544,
0.425280813938,6,2.45729003679,
0.431933191629,7,2.12802903557,
0.433071566422,8,1.7804355865,
0.424222481123,9,1.30052048995,
0.418930817051,10,1.15441515744,
0.412216184488,11,1.42021026056,
0.417961419767,12,1.38531670801,
0.423315338711,13,1.04330087124,
0.42279061908,14,1.09764117568,
0.420006936971,15,0.710396846614,
0.424373671526,16,0.978602893417,
0.423030745013,17,1.23748053943,
0.423955674532,18,1.00018537373,
0.431221707384,19,1.1214596272,
0.420753995429,20,0.852457054807,
0.404149731859,21,0.787996644213,
0.404532154641,22,0.972654120924,
0.391965564163,23,0.904535124468,
0.400787968801,24,0.905768457037,
0.385330973577,25,0.962179125602,
0.389137414288,26,0.84179511846,
0.39128965413,27,0.908367368526,
0.386433774157,28,0.735700084338,
0.374943303599,29,0.745740342753,
0.368104161293,30,0.710877885073,
0.389937834064,31,0.767282044538,
0.380306116096,32,0.737722063505,
0.384993018561,33,0.795618418705,
0.375343513487,34,0.785642668518,
0.384281534316,35,0.690056073862,
0.360909276865,36,0.750153711764,
0.356996113517,37,0.72258437233,
0.374658709901,38,0.781571680643,
0.365747369732,39,0.667396948202,
0.355128467374,40,0.745627684165,
0.352753888706,41,0.649062081902,
0.344731903843,42,0.664241906264,
0.343691358134,43,0.693155345924,
0.354399196023,44,0.769477777746,
0.358374614242,45,0.76072941053,
0.361327273859,46,0.76037173258,
0.387927891072,47,0.715178537283,
0.369900659012,48,0.675384594597,
0.35976200852,49,0.691253555777,
0.345052071753,50,0.64832852675,
0.36359512989,51,0.664014913218,
0.365969708558,52,0.711778021014,
0.37578819114,53,0.737018820324,
0.34768456346,54,0.602854814406,
0.334815592177,55,0.683479307983,
0.341290098807,56,0.628343245549,
0.360660257379,57,0.721236448124,
0.339066710542,58,0.626259392743,
0.378554086143,59,0.705588443664,
0.337777145347,60,0.68328025262,
0.34042742416,61,0.696741025386,
0.347764605438,62,0.63888442884,
0.343744719453,63,0.658474775355,
0.338808797503,64,0.642833767154,
0.336549835025,65,0.645710553718,
0.336060689606,66,0.668214709708,
0.33581167012,67,0.588470259095,
0.356257948613,68,0.735223722163,
0.348058092689,69,0.676703382028,
0.340783166283,70,0.66451071804,
0.35415907009,71,0.676940893273,
0.33122259674,72,0.698707559731,
0.336532047918,73,0.654349111187,
0.342437367153,74,0.648861764784,
0.328020917637,75,0.648286723508,
0.343887016302,76,0.703565983733,
0.325512935673,77,0.695339446625,
0.345007603988,78,0.648639455228,
0.316815040777,79,0.659879068029,
0.315134159248,80,0.648811799239,
0.321519730347,81,0.573553527126,
0.331640593734,82,0.633072179913,
0.332103058493,83,0.684824021165,
0.331169235421,84,0.679471340096,
0.316201385616,85,0.605363581834,
0.310998657073,86,0.659684990252,
0.304408534254,87,0.571095807958,
0.306542986989,88,0.594226033835,
0.313008600066,89,0.678403904471,
0.328759082541,90,0.615348557215,
0.318664899814,91,0.589168131832,
0.317064060263,92,0.605771413877,
0.310020366237,93,0.54814308044,
0.309735772538,94,0.6275448594,
0.301847190971,95,0.563018753033,
0.305546909046,96,0.581485238702,
0.303928282388,97,0.606606448946,
0.310980869967,98,0.645927034079,
0.310100408214,99,0.662439050263,
0.330582260919,100,0.546870729964,
0.326660204018,101,0.636204821906,
0.320007826327,102,0.692781524304,
0.310038153343,103,0.638305998595,
0.310055940449,104,0.655308034934,
0.305644738129,105,0.625654651122,
0.302229613753,106,0.637642175052,
0.297329266015,107,0.5774113401,
0.309059862506,108,0.736098122365,
0.303136756165,109,0.669250195104,
0.299828354426,110,0.638865582237,
0.316343682465,111,0.711590036062,
0.308899778551,112,0.637311600778,
0.303545859606,113,0.722963179503,
0.298618831209,114,0.627263065151,
0.326402290979,115,0.628590258358,
0.312368264245,116,0.643132420803,
0.329443886127,117,0.60565009464,
0.298885637801,118,0.634435000799,
0.30387492107,119,0.593778802187,
0.302994459316,120,0.638641150955,
0.302069529798,121,0.610607522719,
0.3039638566,122,0.613796616997,
0.30419508898,123,0.546017143587,
0.303554753159,124,0.612688806294,
0.299161337946,125,0.599297583756,
0.358605846622,126,0.653407283074,
0.306374009481,127,0.654330569091,
0.297382627333,128,0.611149702516,
0.296697823748,129,0.638974482728,
0.297942921176,130,0.655632807656,
0.292073176155,131,0.642618928837,
0.29519481328,132,0.579413762118,
0.294332138633,133,0.637250333173,
0.293060360545,134,0.61123376863,
0.292749086187,135,0.609767289468,
0.290161062246,136,0.612873535221,
0.326580162041,137,0.627927152073,
0.311407760514,138,0.584155267164,
0.312252648055,139,0.582617954566,
0.300166309442,140,0.618485468811,
0.300646561308,141,0.608632461251,
0.307859232842,142,0.640308122431,
0.288311203209,143,0.676355924705,
0.293282699371,144,0.632885927219,
0.294465541929,145,0.648265652444,
0.288026609511,146,0.610586515542,
0.287581931858,147,0.607315715882,
0.286434663512,148,0.612706311619,
0.292339982747,149,0.624604744286,
0.287955461086,150,0.660652588035,
0.289182771409,151,0.62714219409,
0.290436762391,152,0.618741504215,
0.29310482831,153,0.585039333977,
0.295105877749,154,0.595902146789,
0.296422123603,155,0.601467812996,
0.293229338053,156,0.602786739667,
0.294518903247,157,0.634068594927,
0.316699424587,158,0.668482028413,
0.294928006688,159,0.567064913188,
0.317313079748,160,0.650913611349,
0.293522825304,161,0.627203551935,
0.296929056127,162,0.639127973717,
0.292935850802,163,0.628422623863,
0.306062735123,164,0.629047532465,
0.292251047216,165,0.59735163532,
0.302282975071,166,0.655776092966,
0.294163161125,167,0.638689879493,
0.290427868838,168,0.639748009336,
0.287830951343,169,0.603895064745,
0.286603641021,170,0.597094761266,
0.304719808611,171,0.639429330164,
0.300201883655,172,0.573496219615,
0.303261265908,173,0.646407382764,
0.294661200096,174,0.658782182218,
0.31548990137,175,0.611928355796,
0.318513709412,176,0.587676796371,
0.296564420452,177,0.630916738557,
0.285322969379,178,0.592052224195,
0.285554201759,179,0.6059874297,
0.286585853914,180,0.578367029128,
0.280440408748,181,0.646242199022,
0.285358543592,182,0.575670209276,
0.300975622771,183,0.633057833755,
0.288400138739,184,0.640585847062,
0.302478633239,185,0.632153266963,
0.299561547834,186,0.639819503947,
0.298414279489,187,0.626727387178,
0.295363790788,188,0.648172407913,
0.302612036535,189,0.588853342303,
0.301082345408,190,0.600581278067,
0.292242153663,191,0.628116880725,
0.289965404079,192,0.600268401474,
0.29397639651,193,0.558213903308,
0.293745164131,194,0.561033956848,
0.289929829866,195,0.571266091131,
0.290650207664,196,0.581107945664,
0.298805595824,197,0.624890680814,
0.290472336603,198,0.602183972187,
0.288248948337,199,0.610917751145,
0.312199286737,200,0.656510848203,
0.304408534254,201,0.63931099128,
0.297355946674,202,0.632575906257,
0.292775766847,203,0.652967864832,
0.291210501507,204,0.616549413979,
0.292010921283,205,0.621816084116,
0.287341805925,206,0.637267370164,
0.309406711075,207,0.611904128813,
0.282361416209,208,0.648429333141,
0.321377433498,209,0.621421627854,
0.291557350077,210,0.617682653924,
0.288996006795,211,0.616860075123,
0.292339982747,212,0.639732630877,
0.281596570646,213,0.599725034745,
0.276224864596,214,0.592400119146,
0.280289218346,215,0.588163819308,
0.279622201866,216,0.550312103716,
0.284851611067,217,0.558463004851,
0.28256596793,218,0.621935294426,
0.28320630375,219,0.617434792825,
0.28904047456,220,0.592633999845,
0.285598669524,221,0.565978879219,
0.287048318674,222,0.582884606188,
0.287848738449,223,0.57558651965,
0.301909445843,224,0.607980077024,
0.288711413097,225,0.577715772678,
0.285972198753,226,0.609076625914,
0.303199011037,227,0.641736810251,
0.286825979847,228,0.640025552074,
0.287083892886,229,0.548859458635,
0.282388096869,230,0.616414966357,
0.280280324793,231,0.633369214289,
0.284887185279,232,0.554410249851,
0.281214147864,233,0.619574423359,
0.28265490346,234,0.605412994287,
0.282076822511,235,0.604949969494,
0.280404834535,236,0.584909692725,
0.28805329017,237,0.583164542853,
0.291672966267,238,0.676594805859,
0.30793927482,239,0.565399393459,
0.291735221138,240,0.546133021183,
0.287537464092,241,0.609164838974,
0.283962255761,242,0.583091628571,
0.285189566084,243,0.591623015817,
0.290614633452,244,0.654496929885,
0.290392294626,245,0.611318206775,
0.294065332041,246,0.54935154963,
0.289885362101,247,0.614641591742,
0.292909170143,248,0.696933931476,
0.291521775865,249,0.633413269853,
0.28936064247,250,0.615555529831,
0.291850837328,251,0.696279191335,
0.29014327514,252,0.55086907181,
0.286150069814,253,0.626796631839,
0.291779688904,254,0.641618593752,
0.293994183616,255,0.596371177332,
0.287581931858,256,0.640335097562,
0.288177799913,257,0.524513296767,
0.287679760941,258,0.574215833532,
0.287653080282,259,0.678305878937,
0.289511832872,260,0.632363852759,
0.295550555402,261,0.62108137205,
0.308544036428,262,0.634170128289,
0.287919886874,263,0.654100547872,
0.285331862933,264,0.61298022229,
0.286576960361,265,0.566089678802,
0.283072900454,266,0.63298765734,
0.284122339716,267,0.5670959033,
0.284549230263,268,0.594153609202,
0.283642087851,269,0.644983345089,
0.282272480679,270,0.584867493138,
0.285571988865,271,0.609728110181,
0.298485427913,272,0.642714410758,
0.322578063162,273,0.651681442452,
0.309540114371,274,0.664317542715,
0.294243203102,275,0.596316185039,
0.297702795244,276,0.565991206436,
0.289876468548,277,0.625666297368,
0.310260492169,278,0.636230127734,
0.295381577894,279,0.587707280497,
0.30123353581,280,0.597625550249,
0.314244803942,281,0.597842363378,
0.297791730774,282,0.563893301726,
0.292010921283,283,0.631874859071,
0.286621428127,284,0.551181844174,
0.286825979847,285,0.60581822419,
0.287492996327,286,0.602728945724,
0.294981368006,287,0.620581935994,
0.301927232949,288,0.67568366545,
0.295363790788,289,0.581848923273,
0.290374507519,290,0.583997073894,
0.284469188285,291,0.58651496143,
0.281303083395,292,0.589942249718,
0.281747761048,293,0.58957347697,
0.282850561628,294,0.572656361284,
0.289084942325,295,0.589500627685,
0.283277452175,296,0.572771757369,
0.292073176155,297,0.631791875291,
0.294127586912,298,0.592932640782,
0.292642363551,299,0.630265934224,
0.288240054784,300,0.621777767937,
0.285874369669,301,0.638418813278,
0.286808192741,302,0.585018633237,
0.280200282815,303,0.635118731405,
0.282779413203,304,0.656143648002,
0.285100630553,305,0.576841048495,
0.285340756486,306,0.545516357679,
0.284967227257,307,0.607318416896,
0.289903149207,308,0.597179542203,
0.288586903354,309,0.656617975881,
0.279079695129,310,0.611655907795,
0.283099581114,311,0.633073640128,
0.283010645583,312,0.595152331283,
0.281605464199,313,0.671265168098,
0.288978219689,314,0.685013618049,
0.303021139976,315,0.671994637423,
0.298129685791,316,0.647820479256,
0.292242153663,317,0.647736907028,
0.284985014363,318,0.590317385555,
0.287715335154,319,0.616718538099,
0.292686831316,320,0.668448168002,
0.297898453411,321,0.594731617692,
0.303483604735,322,0.687114845155,
0.302113997563,323,0.516519685118,
0.288160012807,324,0.64967728865,
0.283615407191,325,0.696769434289,
0.28398893642,326,0.654228645624,
0.28125861563,327,0.614208224835,
0.285856582563,328,0.588314487029,
0.281792228813,329,0.560209509276,
0.291699646926,330,0.631614466659,
0.29200202773,331,0.580843995059,
0.295150345515,332,0.554742388508,
0.293691802812,333,0.605384337199,
0.290125488034,334,0.570394061731,
0.2837843847,335,0.648700904405,
0.282041248299,336,0.605184157195,
0.281320870501,337,0.572454951728,
0.280262537686,338,0.613837946651,
0.286247898898,339,0.660407040939,
0.298681086081,340,0.55009876567,
0.302567568769,341,0.637638829342,
0.293087041204,342,0.553990015445,
0.286639215233,343,0.595788992968,
0.293825206108,344,0.516182195284,
0.310909721543,345,0.578713420743,
0.294714561414,346,0.654347118747,
0.282192438701,347,0.638214287558,
0.278412678649,348,0.605093345655,
0.28288613584,349,0.634618034417,
0.282975071371,350,0.554621535003,
0.295932978184,351,0.630618192427,
0.287395167243,352,0.602787804802,
0.285545308206,353,0.634660400711,
0.28079615087,354,0.612519249756,
0.289538513532,355,0.606326516236,
0.287928780427,356,0.62874223645,
0.283419749024,357,0.652333702362,
0.287537464092,358,0.554069563282,
0.29804075026,359,0.632937703611,
0.304150621215,360,0.627932723595,
0.301046771196,361,0.568208593332,
0.284406933414,362,0.61908710153,
0.289582981297,363,0.593529049601,
0.295852936207,364,0.568924705165,
0.292829128165,365,0.58819509551,
0.291868624434,366,0.629041116591,
0.294945793794,367,0.585501626938,
0.289004900348,368,0.625042853131,
0.286986063802,369,0.661089564767,
0.292926957249,370,0.551270420378,
0.291601817842,371,0.584732467931,
0.296030807268,372,0.61298181238,
0.292046495495,373,0.655577549378,
0.287528570539,374,0.530793588842,
0.285305182273,375,0.607785315495,
0.284824930408,376,0.635210464725,
0.290036552503,377,0.616875864394,
0.282503713058,378,0.607425554315,
0.297542711289,379,0.602160407117,
0.285812114798,380,0.637475496695,
0.28157878354,381,0.653260917879,
0.282646009907,382,0.651092241836,
0.285091737,383,0.576304298963,
0.287573038305,384,0.584432666507,
0.286087814943,385,0.642405025722,
0.285901050329,386,0.607897568075,
0.286505811937,387,0.607555724884,
0.287999928852,388,0.66983036473,
0.292740192634,389,0.613779570538,
0.285874369669,390,0.559044022858,
0.285580882418,391,0.660989493435,
0.303385775651,392,0.655716865971,
0.286861554059,393,0.587865706496,
0.289574087744,394,0.611376552731,
0.282557074377,395,0.617077234473,
0.286470237725,396,0.570142824716,
0.282316948444,397,0.644559222074,
0.28134755116,398,0.639213805297,
0.28311736822,399,0.603464993165,
0.282592648589,400,0.602604501462,
0.283855533124,401,0.575022897667,
0.283748810487,402,0.607863233999,
0.284033404185,403,0.622160768414,
0.288996006795,404,0.596976342168,
0.289316174705,405,0.611315379152,
0.286461344172,406,0.589451212811,
0.289200558515,407,0.612224336877,
0.290205530011,408,0.645794799733,
0.289004900348,409,0.633670245341,
0.283046219795,410,0.530748257491,
0.281587677093,411,0.56411203014,
0.289200558515,412,0.562487864222,
0.283135155326,413,0.616654800986,
0.286416876406,414,0.59548738742,
0.286301260216,415,0.521782513275,
0.289654129721,416,0.676407855495,
0.288302309656,417,0.626376778507,
0.289307281152,418,0.556355086079,
0.29330938003,419,0.669942224793,
0.292642363551,420,0.658602223855,
0.289182771409,421,0.628684532604,
0.289084942325,422,0.603144148523,
0.287475209221,423,0.629454413604,
0.289894255654,424,0.574061667105,
0.287644186729,425,0.6553526688,
0.294118693359,426,0.593233265067,
0.295016942219,427,0.579428425106,
0.287163934864,428,0.604734631363,
0.291379479016,429,0.64383614346,
0.291646285608,430,0.618182215073,
0.288969326135,431,0.571118750382,
0.287742015813,432,0.65056883373,
0.295337110129,433,0.587581066734,
0.292535640914,434,0.617677763219,
0.286336834429,435,0.609039712308,
0.292331089193,436,0.61077143273,
0.290427868838,437,0.66044796703,
0.286488024831,438,0.592577460518,
0.299125763734,439,0.530985469748,
0.286932702484,440,0.57104321582,
0.283811065359,441,0.613007020303,
0.290703568983,442,0.675153372882,
0.290312252648,443,0.652684948863,
0.298316450405,444,0.657864401754,
0.288160012807,445,0.608861299276,
0.287866525556,446,0.598700881997,
0.291592924289,447,0.521448266439,
0.299321421901,448,0.676592746669,
0.293647335047,449,0.542970005335,
0.314805097785,450,0.695093947316,
0.298601044103,451,0.629204678994,
0.292838021718,452,0.584850795524,
0.298947892673,453,0.612600931548,
0.305146699158,454,0.611098938131,
0.298103005132,455,0.580181914339,
0.290934801362,456,0.601368401536,
0.309673517667,457,0.618202451963,
0.312110351206,458,0.631831651674,
0.308801949467,459,0.532601305618,
0.3039638566,460,0.557979962045,
0.311727928425,461,0.636944959422,
0.318985067724,462,0.626794283071,
0.298512108572,463,0.556649278428,
0.282494819505,464,0.571377480847,
0.286496918384,465,0.659254266013,
0.284682633559,466,0.584311880364,
0.280689428233,467,0.500572582483,
0.286648108786,468,0.655226143791,
0.283108474667,469,0.592867406103,
0.284753781983,470,0.594117139498,
0.284967227257,471,0.561005243958,
0.32265810514,472,0.644622763998,
0.320274632919,473,0.611240041617,
0.297320372462,474,0.658408489588,
0.289689703934,475,0.590663419088,
0.285331862933,476,0.552899966826,
0.279639988972,477,0.51843452703,
0.289067155219,478,0.515168302562,
0.286203431133,479,0.63495679209,
0.283313026387,480,0.588661770576,
0.285438585569,481,0.614103882343,
0.298236408428,482,0.609914405416,
0.284175701034,483,0.648308782226,
0.286158963367,484,0.623133001884,
0.285589775971,485,0.606721071275,
0.292704618422,486,0.581323468656,
0.288106651488,487,0.55846441098,
0.287057212227,488,0.636942140784,
0.28892485837,489,0.588216629377,
0.290507910815,490,0.588493450732,
0.288578009801,491,0.605885688046,
0.284406933414,492,0.613728555235,
0.298770021611,493,0.679583613457,
0.291148246636,494,0.568939434786,
0.286879341166,495,0.61849560348,
0.290890333597,496,0.602953746161,
0.289867574995,497,0.642924736068,
0.288177799913,498,0.631675039207,
0.287866525556,499,0.591456840438,
0.286657002339,500,0.621808258617,
0.288453500058,501,0.628677956296,
0.299908396403,502,0.584060513717,
0.289743065252,503,0.587567118815,
0.283650981404,504,0.641787412387,
0.282814987416,505,0.56199492856,
0.295319323023,506,0.642388869259,
0.29638654939,507,0.666385422167,
0.285376330698,508,0.660751022309,
0.284718207771,509,0.609024234484,
0.294438861269,510,0.562580203695,
0.284807143302,511,0.637553708392,
0.300112948124,512,0.616107355099,
0.287457422115,513,0.71259915252,
0.288017715958,514,0.553676426427,
0.285580882418,515,0.653441579737,
0.287661973835,516,0.597468847235,
0.292179898791,517,0.652792571757,
0.289600768403,518,0.617742459902,
0.287261763947,519,0.599587972964,
0.29682233349,520,0.541428613309,
0.294670093649,521,0.59357519302,
0.282948390712,522,0.612855112388,
0.283962255761,523,0.613267763003,
0.282948390712,524,0.6076960835,
0.282859455181,525,0.622040178583,
0.283126261773,526,0.61748448809,
0.284068978398,527,0.580721216871,
0.288711413097,528,0.560083463981,
0.284913865939,529,0.553471060447,
0.287430741456,530,0.642180857565,
0.292010921283,531,0.661812130887,
0.289422897342,532,0.579085279086,
0.287350699478,533,0.620644244585,
0.291592924289,534,0.660145359866,
0.283295239281,535,0.601768247398,
0.284024510632,536,0.616701408755,
0.284558123816,537,0.570608686575,
0.288569116248,538,0.629133934003,
0.306018267358,539,0.670418361732,
0.292704618422,540,0.569336022069,
0.288684732437,541,0.674749467461,
0.290970375575,542,0.628642248581,
0.291815263116,543,0.570495985637,
0.289974297632,544,0.645965857745,
0.28793767398,545,0.638258111819,
0.293122615416,546,0.58721625925,
0.296422123603,547,0.556224024753,
0.312261541608,548,0.618718557731,
0.293842993214,549,0.626918780704,
0.285456372675,550,0.605026401566,
0.279248672637,551,0.558251826849,
0.282094609617,552,0.603226777347,
0.280102453731,553,0.586971916587,
0.281196360758,554,0.617212393874,
0.279711137397,555,0.643001241447,
0.282690477673,556,0.617503660127,
0.280084666625,557,0.615444714692,
0.280644960468,558,0.647778166334,
0.282619329248,559,0.540284235983,
0.282512606611,560,0.613827299591,
0.280289218346,561,0.539494633482,
0.282139077383,562,0.613525226551,
0.28947625866,563,0.616251317202,
0.290134381587,564,0.592752602662,
0.287110573545,565,0.606408390152,
0.285936624541,566,0.577650764992,
0.285509733994,567,0.544457861734,
0.289645236168,568,0.5585384049,
0.294180948231,569,0.666689351316,
0.282414777528,570,0.609126302842,
0.290374507519,571,0.64508991448,
0.278208126929,572,0.600968745443,
0.283579832979,573,0.618680052765,
0.299179125052,574,0.554460133294,
0.292811341059,575,0.657510877595,
0.288035503064,576,0.585806295746,
0.293842993214,577,0.57746317301,
0.287919886874,578,0.622369501774,
0.295363790788,579,0.601515462285,
0.289778639464,580,0.589041722376,
0.286532492596,581,0.571528725842,
0.285438585569,582,0.562990084065,
0.298129685791,583,0.656497350028,
0.29034782686,584,0.59354298325,
0.285945518094,585,0.591930610524,
0.282823880969,586,0.622055466134,
0.294118693359,587,0.583651734983,
0.288951539029,588,0.577694950151,
0.281000702591,589,0.581379231023,
0.283748810487,590,0.571529328753,
0.288827029286,591,0.560413011832,
0.291806369563,592,0.630588171466,
0.288346777421,593,0.663419904334,
0.296199784776,594,0.652614853091,
0.294803496945,595,0.612586875198,
0.291281649932,596,0.630859138437,
0.290828078726,597,0.594787916946,
0.286612534574,598,0.565053694278,
0.286550279702,599,0.614860166475,
0.285589775971,600,0.595983210978,
0.284371359202,601,0.57760681146,
0.283962255761,602,0.593670790613,
0.292980318567,603,0.635161531195,
0.286488024831,604,0.574263902197,
0.280938447719,605,0.646263629484,
0.280929554166,606,0.637344295249,
0.28848907427,607,0.571233894242,
0.28706610578,608,0.56734184203,
0.289058261666,609,0.606158169123,
0.294972474453,610,0.625726074478,
0.286541386149,611,0.630305729899,
0.282628222801,612,0.604783792769,
0.293674015706,613,0.602628844065,
0.283375281259,614,0.648651964948,
0.28761750607,615,0.589353351116,
0.285118417659,616,0.596550594064,
0.286790405635,617,0.630340481367,
0.284851611067,618,0.587575827074,
0.283926681549,619,0.653420952037,
0.290623527005,620,0.605944777869,
0.291299437038,621,0.622714589746,
0.285082843447,622,0.532414691256,
0.281071851015,623,0.539279705278,
0.47516475307,624,0.918992155652,
0.408080682313,625,1.0459732362,
0.376161720369,626,0.874091950592,
0.352913972661,627,0.728869569267,
0.348218176644,628,0.71212419483,
0.353767753755,629,0.79582935082,
0.357316281428,630,0.752804777848,
0.366325450681,631,0.742938314343,
0.366458853977,632,0.657134454931,
0.380830835727,633,0.643967442267,
0.35140206864,634,0.620401554304,
0.33526026983,635,0.72850265134,
0.331951868091,636,0.635362934906,
0.338675394207,637,0.63390407987,
0.327051520353,638,0.640700329519,
0.319483106696,639,0.584003232667,
0.334495424267,640,0.596425338284,
0.335482608657,641,0.679462236653,
0.319598722886,642,0.609405529813,
0.308090465222,643,0.65290217805,
0.307450129401,644,0.60986905736,
0.313880168266,645,0.590948923814,
0.312279328715,646,0.626405393753,
0.309166585142,647,0.661102085991,
0.323307334513,648,0.64923817246,
0.300406435375,649,0.62926553504,
0.305164486264,650,0.641198865215,
0.29827198264,651,0.569367709604,
0.295532768296,652,0.589175648849,
0.296119742798,653,0.55934459105,
0.294705667861,654,0.615625139624,
0.294198735337,655,0.618532172867,
0.289947616972,656,0.637609391442,
0.326162165047,657,0.601510805126,
0.311861331721,658,0.59782519119,
0.303857133964,659,0.632266020532,
0.294038651382,660,0.635381825149,
0.289849787889,661,0.590891838524,
0.286728150764,662,0.609570626432,
0.286701470104,663,0.613120194881,
0.29243781183,664,0.564301066408,
0.281400912479,665,0.679126175866,
0.28706610578,666,0.666527946191,
0.302763226937,667,0.643378778194,
0.307290045446,668,0.627353386631,
0.307716935993,669,0.592029748651,
0.288702519544,670,0.604403965933,
0.284958333704,671,0.544475877019,
0.286897128272,672,0.587966756283,
0.295968552396,673,0.704016151752,
0.291343904803,674,0.57530099764,
0.295870723313,675,0.544785275275,
0.317882267145,676,0.670680235278,
0.296262039647,677,0.611874692779,
0.290107700928,678,0.58544399903,
0.285403011357,679,0.65502986825,
0.291619604948,680,0.628605893131,
0.293433889773,681,0.606480148169,
0.285518627547,682,0.6329717007,
0.281276402736,683,0.560821495207,
0.28805329017,684,0.519508547796,
0.307414555189,685,0.654618090529,
0.30399053726,686,0.619496741719,
0.289120516538,687,0.551815712747,
0.290107700928,688,0.67089015018,
0.285429692016,689,0.580061414594,
0.289582981297,690,0.580987704249,
0.285972198753,691,0.62375252828,
0.285162885424,692,0.651759092493,
0.289333961811,693,0.66831673489,
0.286114495602,694,0.649139434904,
0.2877064416,695,0.540606623201,
0.299437038091,696,0.595172702762,
0.293923035192,697,0.547973007185,
0.286381302194,698,0.673120393331,
0.285865476116,699,0.564134985322,
0.284486975392,700,0.585445784574,
0.294332138633,701,0.599872091465,
0.295577236062,702,0.65623357321,
0.285447479122,703,0.602369359307,
0.295764000676,704,0.547652677517,
0.286648108786,705,0.60923208423,
0.286247898898,706,0.560845885108,
0.288017715958,707,0.610265151574,
0.28607892139,708,0.591746667436,
0.292179898791,709,0.550753975486,
0.286550279702,710,0.612625016834,
0.288391245186,711,0.629888163253,
0.285696498608,712,0.59882925138,
0.295052516431,713,0.652730144021,
0.288302309656,714,0.567596571478,
0.285892156776,715,0.611690436523,
0.289618555509,716,0.643795278513,
0.287519676986,717,0.580708705244,
0.288462393611,718,0.627869434994,
0.284433614073,719,0.669036022171,
0.287590825411,720,0.649868566154,
0.288302309656,721,0.597660209264,
0.287510783433,722,0.601451585396,
0.28793767398,723,0.629638039514,
0.287528570539,724,0.617050352901,
0.29200202773,725,0.613153724533,
0.28750188988,726,0.575189649322,
0.288569116248,727,0.591443252178,
0.28671925721,728,0.642977970771,
0.286247898898,729,0.58746425183,
0.286274579557,730,0.647258825937,
0.289698597487,731,0.577514084605,
0.288711413097,732,0.598241288027,
0.286167856921,733,0.603429184492,
0.291895305093,734,0.566484813478,
0.283588726532,735,0.643990641008,
0.290703568983,736,0.557386804903,
0.287235083288,737,0.556211891825,
0.287777590025,738,0.594494961353,
0.290303359095,739,0.590509713494,
0.289565194191,740,0.61444978403,
0.285456372675,741,0.578578639957,
0.281970099875,742,0.621623569996,
0.284789356196,743,0.5957000073,
0.296564420452,744,0.691140529807,
0.291308330591,745,0.611035873668,
0.287012744462,746,0.648908242899,
0.281071851015,747,0.639386369047,
0.283570939426,748,0.602647590788,
0.284344678543,749,0.593415612992,
0.282530393718,750,0.646237061065,
0.284344678543,751,0.630900417526,
0.289698597487,752,0.563619448454,
0.303136756165,753,0.6013351345,
0.287083892886,754,0.568002822258,
0.285429692016,755,0.619205098744,
0.304533043996,756,0.62049955891,
0.284762675537,757,0.618439152456,
0.283455323236,758,0.597300524393,
0.285794327692,759,0.560180613232,
0.292713511975,760,0.600102837309,
0.295790681335,761,0.550367386013,
0.288346777421,762,0.548675699364,
0.29531042947,763,0.659954282955,
0.289342855364,764,0.63518736388,
0.280307005452,765,0.644061888799,
0.28880924218,766,0.664721392064,
0.330982470807,767,0.558327695935,
0.299863928638,768,0.706245879974,
0.290321146201,769,0.582347096566,
0.300602093542,770,0.588902965654,
0.316601595503,771,0.639852700702,
0.301864978077,772,0.563265918501,
0.305858183403,773,0.644942637084,
0.295114771302,774,0.61981953888,
0.287573038305,775,0.564463860772,
0.291121565977,776,0.566878831401,
0.287030531568,777,0.74785602306,
0.293469463986,778,0.615110633305,
0.287724228707,779,0.61951799439,
0.287457422115,780,0.537268211092,
0.288293416103,781,0.516756767402,
0.292162111685,782,0.596447092234,
0.286861554059,783,0.594966561608,
0.285465266229,784,0.526629277978,
0.287377380137,785,0.627598407639,
0.285127311212,786,0.597728084787,
0.286496918384,787,0.661444107657,
0.291948666412,788,0.640045590256,
0.282868348734,789,0.599103740335,
0.292215473004,790,0.613102233745,
0.28430910433,791,0.625822864885,
0.283161835985,792,0.608139756958,
0.286825979847,793,0.556215598314,
0.282823880969,794,0.600134828429,
0.283250771516,795,0.602298442772,
0.285589775971,796,0.560380778657,
0.281169680099,797,0.660310770095,
0.298298663299,798,0.645395277736,
0.293238231606,799,0.58958990342,
0.283010645583,800,0.59118880082,
0.28520735319,801,0.563754904728,
0.280066879519,802,0.536382697391,
0.309059862506,803,0.669400685299,
0.294100906253,804,0.632122470676,
0.314751736466,805,0.598602177126,
0.300184096548,806,0.652573038275,
0.299072402415,807,0.552394696603,
0.288035503064,808,0.695865027556,
0.294198735337,809,0.599828762613,
0.287359593031,810,0.571972073628,
0.288622477566,811,0.648334271798,
0.294652306543,812,0.581027012705,
0.291699646926,813,0.554362451719,
0.285198459637,814,0.586144273552,
0.286772618529,815,0.601864661862,
0.287492996327,816,0.612028290169,
0.282521500165,817,0.581713530546,
0.282743838991,818,0.571428650495,
0.286701470104,819,0.618644643223,
0.287839844896,820,0.530756318459,
0.288800348627,821,0.620102889984,
0.29870776674,822,0.647455363587,
0.288044396617,823,0.585097340247,
0.285011695022,824,0.593489599141,
0.292802447506,825,0.563660668243,
0.286256792451,826,0.56779086579,
0.287679760941,827,0.70209520208,
0.290196636458,828,0.608138495317,
0.284638165794,829,0.551577577836,
0.302265187965,830,0.604384694516,
0.293433889773,831,0.623916922538,
0.290303359095,832,0.604624554862,
0.288409032292,833,0.570751385537,
0.28497612081,834,0.58883310279,
0.285589775971,835,0.632486288836,
0.282503713058,836,0.595642737822,
0.286158963367,837,0.577591582421,
0.290605739899,838,0.589196609114,
0.288302309656,839,0.707798215495,
0.283099581114,840,0.645711257675,
0.282494819505,841,0.593204929942,
0.283357494152,842,0.562807468155,
0.287750909366,843,0.646356714298,
0.288444606505,844,0.640287664715,
0.287128360651,845,0.612452713246,
0.281552102881,846,0.668226230265,
0.282112396724,847,0.604828568571,
0.287777590025,848,0.622786589778,
0.28782205779,849,0.590947952132,
0.285625350184,850,0.600027668439,
0.286354621535,851,0.585665492268,
0.287012744462,852,0.599884602465,
0.291423946781,853,0.636944183533,
0.287395167243,854,0.635348890925,
0.29025889133,855,0.60132956952,
0.284140126822,856,0.606241752591,
0.286665895892,857,0.616750562798,
0.302807694702,858,0.624430852006,
0.283544258767,859,0.558344298834,
0.286087814943,860,0.663869781401,
0.286176750474,861,0.598659502657,
0.282628222801,862,0.615472154411,
0.287884312662,863,0.585665681249,
0.285420798463,864,0.632784877102,
0.2846559529,865,0.639929352326,
0.301864978077,866,0.59608233625,
0.285945518094,867,0.531899091487,
0.288142225701,868,0.673616872586,
0.286087814943,869,0.612650780981,
0.309211052908,870,0.637206136719,
0.296333188072,871,0.615528470332,
0.305813715638,872,0.581076094018,
0.295568342509,873,0.576442744944,
0.291326117697,874,0.534749904271,
0.286994957355,875,0.573708446884,
0.286674789445,876,0.525949465145,
0.286648108786,877,0.67218817261,
0.291192714401,878,0.607044984637,
0.287119467098,879,0.635796139724,
0.288560222695,880,0.565031606804,
0.288426819399,881,0.576226728757,
0.294332138633,882,0.599013700535,
0.297551604842,883,0.626318799725,
0.298832276483,884,0.595477286204,
0.299081295969,885,0.602127993262,
0.295434939213,886,0.563613944624,
0.295772894229,887,0.552915899205,
0.298254195534,888,0.616867772192,
0.304790957035,889,0.561864504865,
0.302238507306,890,0.647826496524,
0.300273032079,891,0.568543146634,
0.296653355982,892,0.560796961691,
0.29595076529,893,0.567069947577,
0.295915191078,894,0.587979569373,
0.324036605864,895,0.665775428878,
0.301260216469,896,0.541318932328,
0.292909170143,897,0.689788159228,
0.288666945331,898,0.631689519214,
0.286123389155,899,0.588217088887,
0.286061134284,900,0.611708423761,
0.285189566084,901,0.542197363558,
0.287893206215,902,0.61828937981,
0.291468414546,903,0.621253189321,
0.280991809038,904,0.55100075608,
0.278857356302,905,0.629309732552,
0.279070801576,906,0.604237302746,
0.281098531674,907,0.614914167354,
0.290410081732,908,0.594915694714,
0.287946567533,909,0.650320653888,
0.285091737,910,0.617271509762,
0.284602591581,911,0.632974089721,
0.319821061712,912,0.68823642774,
0.310767424694,913,0.58679548897,
0.306098309336,914,0.571109027165,
0.289645236168,915,0.666056237771,
0.288480180717,916,0.569445703763,
0.286639215233,917,0.621635388465,
0.289725278146,918,0.584912767703,
0.294216522443,919,0.569911241698,
0.295052516431,920,0.626030128667,
0.296431017156,921,0.587486806977,
0.288302309656,922,0.649251443912,
0.297898453411,923,0.63685760451,
0.300584306436,924,0.589166295702,
0.287644186729,925,0.5469503316,
0.287119467098,926,0.617301628507,
0.287688654494,927,0.535628091532,
0.288782561521,928,0.599665681237,
0.287208402629,929,0.640920057995,
0.285358543592,930,0.60053972212,
0.290872546491,931,0.53552759932,
0.30079775171,932,0.591655200276,
0.284611485134,933,0.551906309383,
0.282396990422,934,0.64231969934,
0.285216246743,935,0.629497194857,
0.285011695022,936,0.570835012602,
0.295488300531,937,0.598835878039,
0.282939497159,938,0.617730850992,
0.286158963367,939,0.649135904414,
0.287510783433,940,0.570250702402,
0.286390195747,941,0.600688862023,
0.287804270684,942,0.638863101171,
0.281294189842,943,0.55707389173,
0.281418699585,944,0.58281220797,
0.283037326242,945,0.607102164678,
0.282726051885,946,0.654002915725,
0.284353572096,947,0.62460769567,
0.283588726532,948,0.59610201059,
0.282423671081,949,0.620010845571,
0.284264636565,950,0.615466121972,
0.289983191185,951,0.569293244326,
0.288382351633,952,0.642179454118,
0.28848907427,953,0.562437036763,
0.287546357645,954,0.628060203957,
0.286470237725,955,0.677025341002,
0.299250273477,956,0.633795647174,
0.287697548047,957,0.600000104885,
0.285972198753,958,0.616422084761,
0.28631015377,959,0.581357406387,
0.284798249749,960,0.648162505221,
0.283962255761,961,0.615084586325,
0.285420798463,962,0.674576612775,
0.285989985859,963,0.616723620728,
0.285571988865,964,0.540317559598,
0.285865476116,965,0.650451041471,
0.286158963367,966,0.554016839251,
0.284753781983,967,0.56234372341,
0.291512882312,968,0.571356587601,
0.283811065359,969,0.629956819706,
0.284664846453,970,0.620082115237,
0.2855275211,971,0.664558731414,
0.29069467543,972,0.548325641999,
0.285500840441,973,0.59286518926,
0.284513656051,974,0.554202239099,
0.300006225487,975,0.61872073934,
0.289787533017,976,0.596020799719,
0.286087814943,977,0.644051074694,
0.28959187485,978,0.616827642322,
0.287243976841,979,0.619029222952,
0.286870447613,980,0.654524876931,
0.283748810487,981,0.591611727456,
0.286292366663,982,0.638935708468,
0.295292642364,983,0.647334945589,
0.288391245186,984,0.592934393831,
0.285109524106,985,0.620790320743,
0.282610435695,986,0.64209774612,
0.284798249749,987,0.58353311604,
0.284851611067,988,0.595305707813,
0.284931653045,989,0.590216640485,
0.288889284158,990,0.633705913765,
0.287466315668,991,0.554279462946,
0.292019814836,992,0.671344224287,
0.289840894336,993,0.671475408762,
0.286576960361,994,0.561237402066,
0.294936900241,995,0.576109981846,
0.290730249642,996,0.624411661959,
0.292589002232,997,0.652367165374,
0.297773943668,998,0.661261718589,
0.299090189522,999,0.555989955636,
