Err,MSE,lambda,
0.281080744568,0.603003634161,0.0,
0.281098531674,0.603006119991,0.01,
0.281098531674,0.6030061204,0.02,
0.281098531674,0.603006120583,0.03,
0.281098531674,0.603006120708,0.04,
0.281098531674,0.60300612081,0.05,
0.281098531674,0.603006120901,0.06,
0.281098531674,0.603006120986,0.07,
0.281098531674,0.603006121066,0.08,
0.281098531674,0.603006121144,0.09,
0.281098531674,0.60300612122,0.1,
0.281098531674,0.603006121294,0.11,
0.281098531674,0.603006121368,0.12,
0.281098531674,0.60300612144,0.13,
0.281098531674,0.603006121512,0.14,
0.281098531674,0.603006121584,0.15,
0.281098531674,0.603006121655,0.16,
0.281098531674,0.603006121726,0.17,
0.281098531674,0.603006121796,0.18,
0.281098531674,0.603006121867,0.19,
0.281098531674,0.603006121937,0.2,
0.281098531674,0.603006122007,0.21,
0.281098531674,0.603006122077,0.22,
0.281098531674,0.603006122146,0.23,
0.281098531674,0.603006122216,0.24,
0.281098531674,0.603006122285,0.25,
0.281098531674,0.603006122355,0.26,
0.281098531674,0.603006122424,0.27,
0.281098531674,0.603006122493,0.28,
0.281098531674,0.603006122563,0.29,
0.281098531674,0.603006122632,0.3,
0.281098531674,0.603006122701,0.31,
0.281098531674,0.60300612277,0.32,
0.281098531674,0.603006122839,0.33,
0.281098531674,0.603006122908,0.34,
0.281098531674,0.603006122977,0.35,
0.281098531674,0.603006123046,0.36,
0.281098531674,0.603006123114,0.37,
0.281098531674,0.603006123183,0.38,
0.281098531674,0.603006123252,0.39,
0.281098531674,0.603006123321,0.4,
0.281098531674,0.60300612339,0.41,
0.281098531674,0.603006123459,0.42,
0.281098531674,0.603006123527,0.43,
0.281098531674,0.603006123596,0.44,
0.281098531674,0.603006123665,0.45,
0.281098531674,0.603006123734,0.46,
0.281098531674,0.603006123802,0.47,
0.281098531674,0.603006123871,0.48,
0.281098531674,0.60300612394,0.49,
0.281098531674,0.603006124009,0.5,
0.281098531674,0.603006124077,0.51,
0.281098531674,0.603006124146,0.52,
0.281098531674,0.603006124215,0.53,
0.281098531674,0.603006124283,0.54,
0.281098531674,0.603006124352,0.55,
0.281098531674,0.603006124421,0.56,
0.281098531674,0.603006124489,0.57,
0.281098531674,0.603006124558,0.58,
0.281098531674,0.603006124627,0.59,
0.281098531674,0.603006124695,0.6,
0.281098531674,0.603006124764,0.61,
0.281098531674,0.603006124833,0.62,
0.281098531674,0.603006124901,0.63,
0.281098531674,0.60300612497,0.64,
0.281098531674,0.603006125038,0.65,
0.281098531674,0.603006125107,0.66,
0.281098531674,0.603006125176,0.67,
0.281098531674,0.603006125244,0.68,
0.281098531674,0.603006125313,0.69,
0.281098531674,0.603006125382,0.7,
0.281098531674,0.60300612545,0.71,
0.281098531674,0.603006125519,0.72,
0.281098531674,0.603006125588,0.73,
0.281098531674,0.603006125656,0.74,
0.281098531674,0.603006125725,0.75,
0.281098531674,0.603006125793,0.76,
0.281098531674,0.603006125862,0.77,
0.281098531674,0.603006125931,0.78,
0.281098531674,0.603006125999,0.79,
0.281098531674,0.603006126068,0.8,
0.281098531674,0.603006126137,0.81,
0.281098531674,0.603006126205,0.82,
0.281098531674,0.603006126274,0.83,
0.281098531674,0.603006126343,0.84,
0.281098531674,0.603006126411,0.85,
0.281098531674,0.60300612648,0.86,
0.281098531674,0.603006126548,0.87,
0.281098531674,0.603006126617,0.88,
0.281098531674,0.603006126686,0.89,
0.281098531674,0.603006126754,0.9,
0.281098531674,0.603006126823,0.91,
0.281098531674,0.603006126892,0.92,
0.281098531674,0.60300612696,0.93,
0.281098531674,0.603006127029,0.94,
0.281098531674,0.603006127098,0.95,
0.281098531674,0.603006127166,0.96,
0.281098531674,0.603006127235,0.97,
0.281098531674,0.603006127304,0.98,
0.281098531674,0.603006127372,0.99,
0.281098531674,0.603006127441,1.0,
0.281098531674,0.60300612751,1.01,
0.281098531674,0.603006127578,1.02,
0.281098531674,0.603006127647,1.03,
0.281098531674,0.603006127716,1.04,
0.281098531674,0.603006127784,1.05,
0.281098531674,0.603006127853,1.06,
0.281098531674,0.603006127922,1.07,
0.281098531674,0.60300612799,1.08,
0.281098531674,0.603006128059,1.09,
0.281098531674,0.603006128128,1.1,
0.281098531674,0.603006128197,1.11,
0.281098531674,0.603006128265,1.12,
0.281098531674,0.603006128334,1.13,
0.281098531674,0.603006128403,1.14,
0.281098531674,0.603006128471,1.15,
0.281098531674,0.60300612854,1.16,
0.281098531674,0.603006128609,1.17,
0.281098531674,0.603006128677,1.18,
0.281098531674,0.603006128746,1.19,
0.281098531674,0.603006128815,1.2,
0.281098531674,0.603006128884,1.21,
0.281098531674,0.603006128952,1.22,
0.281098531674,0.603006129021,1.23,
0.281098531674,0.60300612909,1.24,
0.281098531674,0.603006129158,1.25,
0.281098531674,0.603006129227,1.26,
0.281098531674,0.603006129296,1.27,
0.281098531674,0.603006129365,1.28,
0.281098531674,0.603006129433,1.29,
0.281098531674,0.603006129502,1.3,
0.281098531674,0.603006129571,1.31,
0.281098531674,0.60300612964,1.32,
0.281098531674,0.603006129708,1.33,
0.281098531674,0.603006129777,1.34,
0.281098531674,0.603006129846,1.35,
0.281098531674,0.603006129915,1.36,
0.281098531674,0.603006129983,1.37,
0.281098531674,0.603006130052,1.38,
0.281098531674,0.603006130121,1.39,
0.281098531674,0.60300613019,1.4,
0.281098531674,0.603006130259,1.41,
0.281098531674,0.603006130327,1.42,
0.281098531674,0.603006130396,1.43,
0.281098531674,0.603006130465,1.44,
0.281098531674,0.603006130534,1.45,
0.281098531674,0.603006130602,1.46,
0.281098531674,0.603006130671,1.47,
0.281098531674,0.60300613074,1.48,
0.281098531674,0.603006130809,1.49,
0.281098531674,0.603006130878,1.5,
0.281098531674,0.603006130946,1.51,
0.281098531674,0.603006131015,1.52,
0.281098531674,0.603006131084,1.53,
0.281098531674,0.603006131153,1.54,
0.281098531674,0.603006131222,1.55,
0.281098531674,0.603006131291,1.56,
0.281098531674,0.603006131359,1.57,
0.281098531674,0.603006131428,1.58,
0.281098531674,0.603006131497,1.59,
0.281098531674,0.603006131566,1.6,
0.281098531674,0.603006131635,1.61,
0.281098531674,0.603006131704,1.62,
0.281098531674,0.603006131772,1.63,
0.281098531674,0.603006131841,1.64,
0.281098531674,0.60300613191,1.65,
0.281098531674,0.603006131979,1.66,
0.281098531674,0.603006132048,1.67,
0.281098531674,0.603006132117,1.68,
0.281098531674,0.603006132185,1.69,
0.281098531674,0.603006132254,1.7,
0.281098531674,0.603006132323,1.71,
0.281098531674,0.603006132392,1.72,
0.281098531674,0.603006132461,1.73,
0.281098531674,0.60300613253,1.74,
0.281098531674,0.603006132599,1.75,
0.281098531674,0.603006132668,1.76,
0.281098531674,0.603006132737,1.77,
0.281098531674,0.603006132805,1.78,
0.281098531674,0.603006132874,1.79,
0.281098531674,0.603006132943,1.8,
0.281098531674,0.603006133012,1.81,
0.281098531674,0.603006133081,1.82,
0.281098531674,0.60300613315,1.83,
0.281098531674,0.603006133219,1.84,
0.281098531674,0.603006133288,1.85,
0.281098531674,0.603006133357,1.86,
0.281098531674,0.603006133426,1.87,
0.281098531674,0.603006133495,1.88,
0.281098531674,0.603006133563,1.89,
0.281098531674,0.603006133632,1.9,
0.281098531674,0.603006133701,1.91,
0.281098531674,0.60300613377,1.92,
0.281098531674,0.603006133839,1.93,
0.281098531674,0.603006133908,1.94,
0.281098531674,0.603006133977,1.95,
0.281098531674,0.603006134046,1.96,
0.281098531674,0.603006134115,1.97,
0.281098531674,0.603006134184,1.98,
0.281098531674,0.603006134253,1.99,
0.281098531674,0.603006134322,2.0,
0.281098531674,0.603006134391,2.01,
0.281098531674,0.60300613446,2.02,
0.281098531674,0.603006134529,2.03,
0.281098531674,0.603006134598,2.04,
0.281098531674,0.603006134667,2.05,
0.281098531674,0.603006134736,2.06,
0.281098531674,0.603006134805,2.07,
0.281098531674,0.603006134874,2.08,
0.281098531674,0.603006134943,2.09,
0.281098531674,0.603006135012,2.1,
0.281098531674,0.603006135081,2.11,
0.281098531674,0.60300613515,2.12,
0.281098531674,0.603006135219,2.13,
0.281098531674,0.603006135288,2.14,
0.281098531674,0.603006135357,2.15,
0.281098531674,0.603006135426,2.16,
0.281098531674,0.603006135495,2.17,
0.281098531674,0.603006135564,2.18,
0.281098531674,0.603006135633,2.19,
0.281098531674,0.603006135702,2.2,
0.281098531674,0.603006135771,2.21,
0.281098531674,0.60300613584,2.22,
0.281098531674,0.603006135909,2.23,
0.281098531674,0.603006135978,2.24,
0.281098531674,0.603006136047,2.25,
0.281098531674,0.603006136116,2.26,
0.281098531674,0.603006136185,2.27,
0.281098531674,0.603006136254,2.28,
0.281098531674,0.603006136323,2.29,
0.281098531674,0.603006136392,2.3,
0.281098531674,0.603006136461,2.31,
0.281098531674,0.60300613653,2.32,
0.281098531674,0.6030061366,2.33,
0.281098531674,0.603006136669,2.34,
0.281098531674,0.603006136738,2.35,
0.281098531674,0.603006136807,2.36,
0.281098531674,0.603006136876,2.37,
0.281098531674,0.603006136945,2.38,
0.281098531674,0.603006137014,2.39,
0.281098531674,0.603006137083,2.4,
0.281098531674,0.603006137152,2.41,
0.281098531674,0.603006137221,2.42,
0.281098531674,0.60300613729,2.43,
0.281098531674,0.60300613736,2.44,
0.281098531674,0.603006137429,2.45,
0.281098531674,0.603006137498,2.46,
0.281098531674,0.603006137567,2.47,
0.281098531674,0.603006137636,2.48,
0.281098531674,0.603006137705,2.49,
0.281098531674,0.603006137774,2.5,
0.281098531674,0.603006137843,2.51,
0.281098531674,0.603006137913,2.52,
0.281098531674,0.603006137982,2.53,
0.281098531674,0.603006138051,2.54,
0.281098531674,0.60300613812,2.55,
0.281098531674,0.603006138189,2.56,
0.281098531674,0.603006138258,2.57,
0.281098531674,0.603006138327,2.58,
0.281098531674,0.603006138397,2.59,
0.281098531674,0.603006138466,2.6,
0.281098531674,0.603006138535,2.61,
0.281098531674,0.603006138604,2.62,
0.281098531674,0.603006138673,2.63,
0.281098531674,0.603006138743,2.64,
0.281098531674,0.603006138812,2.65,
0.281098531674,0.603006138881,2.66,
0.281098531674,0.60300613895,2.67,
0.281098531674,0.603006139019,2.68,
0.281098531674,0.603006139088,2.69,
0.281098531674,0.603006139158,2.7,
0.281098531674,0.603006139227,2.71,
0.281098531674,0.603006139296,2.72,
0.281098531674,0.603006139365,2.73,
0.281098531674,0.603006139435,2.74,
0.281098531674,0.603006139504,2.75,
0.281098531674,0.603006139573,2.76,
0.281098531674,0.603006139642,2.77,
0.281098531674,0.603006139711,2.78,
0.281098531674,0.603006139781,2.79,
0.281098531674,0.60300613985,2.8,
0.281098531674,0.603006139919,2.81,
0.281098531674,0.603006139988,2.82,
0.281098531674,0.603006140058,2.83,
0.281098531674,0.603006140127,2.84,
0.281098531674,0.603006140196,2.85,
0.281098531674,0.603006140265,2.86,
0.281098531674,0.603006140335,2.87,
0.281098531674,0.603006140404,2.88,
0.281098531674,0.603006140473,2.89,
0.281098531674,0.603006140542,2.9,
0.281098531674,0.603006140612,2.91,
0.281098531674,0.603006140681,2.92,
0.281098531674,0.60300614075,2.93,
0.281098531674,0.603006140819,2.94,
0.281098531674,0.603006140889,2.95,
0.281098531674,0.603006140958,2.96,
0.281098531674,0.603006141027,2.97,
0.281098531674,0.603006141097,2.98,
0.281098531674,0.603006141166,2.99,
0.281098531674,0.603006141235,3.0,
0.281098531674,0.603006141305,3.01,
0.281098531674,0.603006141374,3.02,
0.281098531674,0.603006141443,3.03,
0.281098531674,0.603006141513,3.04,
0.281098531674,0.603006141582,3.05,
0.281098531674,0.603006141651,3.06,
0.281098531674,0.60300614172,3.07,
0.281098531674,0.60300614179,3.08,
0.281098531674,0.603006141859,3.09,
0.281098531674,0.603006141928,3.1,
0.281098531674,0.603006141998,3.11,
0.281098531674,0.603006142067,3.12,
0.281098531674,0.603006142137,3.13,
0.281098531674,0.603006142206,3.14,
0.281098531674,0.603006142275,3.15,
0.281098531674,0.603006142345,3.16,
0.281098531674,0.603006142414,3.17,
0.281098531674,0.603006142483,3.18,
0.281098531674,0.603006142553,3.19,
0.281098531674,0.603006142622,3.2,
0.281098531674,0.603006142691,3.21,
0.281098531674,0.603006142761,3.22,
0.281098531674,0.60300614283,3.23,
0.281098531674,0.6030061429,3.24,
0.281098531674,0.603006142969,3.25,
0.281098531674,0.603006143038,3.26,
0.281098531674,0.603006143108,3.27,
0.281098531674,0.603006143177,3.28,
0.281098531674,0.603006143247,3.29,
0.281098531674,0.603006143316,3.3,
0.281098531674,0.603006143385,3.31,
0.281098531674,0.603006143455,3.32,
0.281098531674,0.603006143524,3.33,
0.281098531674,0.603006143594,3.34,
0.281098531674,0.603006143663,3.35,
0.281098531674,0.603006143732,3.36,
0.281098531674,0.603006143802,3.37,
0.281098531674,0.603006143871,3.38,
0.281098531674,0.603006143941,3.39,
0.281098531674,0.60300614401,3.4,
0.281098531674,0.60300614408,3.41,
0.281098531674,0.603006144149,3.42,
0.281098531674,0.603006144219,3.43,
0.281098531674,0.603006144288,3.44,
0.281098531674,0.603006144357,3.45,
0.281098531674,0.603006144427,3.46,
0.281098531674,0.603006144496,3.47,
0.281098531674,0.603006144566,3.48,
0.281098531674,0.603006144635,3.49,
0.281098531674,0.603006144705,3.5,
0.281098531674,0.603006144774,3.51,
0.281098531674,0.603006144844,3.52,
0.281098531674,0.603006144913,3.53,
0.281098531674,0.603006144983,3.54,
0.281098531674,0.603006145052,3.55,
0.281098531674,0.603006145122,3.56,
0.281098531674,0.603006145191,3.57,
0.281098531674,0.603006145261,3.58,
0.281098531674,0.60300614533,3.59,
0.281098531674,0.6030061454,3.6,
0.281098531674,0.603006145469,3.61,
0.281098531674,0.603006145539,3.62,
0.281098531674,0.603006145608,3.63,
0.281098531674,0.603006145678,3.64,
0.281098531674,0.603006145747,3.65,
0.281098531674,0.603006145817,3.66,
0.281098531674,0.603006145886,3.67,
0.281098531674,0.603006145956,3.68,
0.281098531674,0.603006146025,3.69,
0.281098531674,0.603006146095,3.7,
0.281098531674,0.603006146165,3.71,
0.281098531674,0.603006146234,3.72,
0.281098531674,0.603006146304,3.73,
0.281098531674,0.603006146373,3.74,
0.281098531674,0.603006146443,3.75,
0.281098531674,0.603006146512,3.76,
0.281098531674,0.603006146582,3.77,
0.281098531674,0.603006146652,3.78,
0.281098531674,0.603006146721,3.79,
0.281098531674,0.603006146791,3.8,
0.281098531674,0.60300614686,3.81,
0.281098531674,0.60300614693,3.82,
0.281098531674,0.603006146999,3.83,
0.281098531674,0.603006147069,3.84,
0.281098531674,0.603006147139,3.85,
0.281098531674,0.603006147208,3.86,
0.281098531674,0.603006147278,3.87,
0.281098531674,0.603006147347,3.88,
0.281098531674,0.603006147417,3.89,
0.281098531674,0.603006147487,3.9,
0.281098531674,0.603006147556,3.91,
0.281098531674,0.603006147626,3.92,
0.281098531674,0.603006147695,3.93,
0.281098531674,0.603006147765,3.94,
0.281098531674,0.603006147835,3.95,
0.281098531674,0.603006147904,3.96,
0.281098531674,0.603006147974,3.97,
0.281098531674,0.603006148044,3.98,
0.281098531674,0.603006148113,3.99,
0.281098531674,0.603006148183,4.0,
0.281098531674,0.603006148253,4.01,
0.281098531674,0.603006148322,4.02,
0.281098531674,0.603006148392,4.03,
0.281098531674,0.603006148462,4.04,
0.281098531674,0.603006148531,4.05,
0.281098531674,0.603006148601,4.06,
0.281098531674,0.603006148671,4.07,
0.281098531674,0.60300614874,4.08,
0.281098531674,0.60300614881,4.09,
0.281098531674,0.60300614888,4.1,
0.281098531674,0.603006148949,4.11,
0.281098531674,0.603006149019,4.12,
0.281098531674,0.603006149089,4.13,
0.281098531674,0.603006149158,4.14,
0.281098531674,0.603006149228,4.15,
0.281098531674,0.603006149298,4.16,
0.281098531674,0.603006149367,4.17,
0.281098531674,0.603006149437,4.18,
0.281098531674,0.603006149507,4.19,
0.281098531674,0.603006149577,4.2,
0.281098531674,0.603006149646,4.21,
0.281098531674,0.603006149716,4.22,
0.281098531674,0.603006149786,4.23,
0.281098531674,0.603006149856,4.24,
0.281098531674,0.603006149925,4.25,
0.281098531674,0.603006149995,4.26,
0.281098531674,0.603006150065,4.27,
0.281098531674,0.603006150134,4.28,
0.281098531674,0.603006150204,4.29,
0.281098531674,0.603006150274,4.3,
0.281098531674,0.603006150344,4.31,
0.281098531674,0.603006150414,4.32,
0.281098531674,0.603006150483,4.33,
0.281098531674,0.603006150553,4.34,
0.281098531674,0.603006150623,4.35,
0.281098531674,0.603006150693,4.36,
0.281098531674,0.603006150762,4.37,
0.281098531674,0.603006150832,4.38,
0.281098531674,0.603006150902,4.39,
0.281098531674,0.603006150972,4.4,
0.281098531674,0.603006151041,4.41,
0.281098531674,0.603006151111,4.42,
0.281098531674,0.603006151181,4.43,
0.281098531674,0.603006151251,4.44,
0.281098531674,0.603006151321,4.45,
0.281098531674,0.603006151391,4.46,
0.281098531674,0.60300615146,4.47,
0.281098531674,0.60300615153,4.48,
0.281098531674,0.6030061516,4.49,
0.281098531674,0.60300615167,4.5,
0.281098531674,0.60300615174,4.51,
0.281098531674,0.603006151809,4.52,
0.281098531674,0.603006151879,4.53,
0.281098531674,0.603006151949,4.54,
0.281098531674,0.603006152019,4.55,
0.281098531674,0.603006152089,4.56,
0.281098531674,0.603006152159,4.57,
0.281098531674,0.603006152228,4.58,
0.281098531674,0.603006152298,4.59,
0.281098531674,0.603006152368,4.6,
0.281098531674,0.603006152438,4.61,
0.281098531674,0.603006152508,4.62,
0.281098531674,0.603006152578,4.63,
0.281098531674,0.603006152648,4.64,
0.281098531674,0.603006152717,4.65,
0.281098531674,0.603006152787,4.66,
0.281098531674,0.603006152857,4.67,
0.281098531674,0.603006152927,4.68,
0.281098531674,0.603006152997,4.69,
0.281098531674,0.603006153067,4.7,
0.281098531674,0.603006153137,4.71,
0.281098531674,0.603006153207,4.72,
0.281098531674,0.603006153277,4.73,
0.281098531674,0.603006153347,4.74,
0.281089638121,0.603006153416,4.75,
0.281089638121,0.603006153486,4.76,
0.281089638121,0.603006153556,4.77,
0.281089638121,0.603006153626,4.78,
0.281089638121,0.603006153696,4.79,
0.281089638121,0.603006153766,4.8,
0.281089638121,0.603006153836,4.81,
0.281089638121,0.603006153906,4.82,
0.281089638121,0.603006153976,4.83,
0.281089638121,0.603006154046,4.84,
0.281089638121,0.603006154116,4.85,
0.281089638121,0.603006154186,4.86,
0.281089638121,0.603006154256,4.87,
0.281089638121,0.603006154326,4.88,
0.281089638121,0.603006154395,4.89,
0.281089638121,0.603006154465,4.9,
0.281089638121,0.603006154535,4.91,
0.281089638121,0.603006154605,4.92,
0.281089638121,0.603006154675,4.93,
0.281089638121,0.603006154745,4.94,
0.281089638121,0.603006154815,4.95,
0.281089638121,0.603006154885,4.96,
0.281089638121,0.603006154955,4.97,
0.281089638121,0.603006155025,4.98,
0.281089638121,0.603006155095,4.99,
0.281089638121,0.603006155165,5.0,
0.281089638121,0.603006155235,5.01,
0.281089638121,0.603006155305,5.02,
0.281089638121,0.603006155375,5.03,
0.281089638121,0.603006155445,5.04,
0.281089638121,0.603006155515,5.05,
0.281089638121,0.603006155585,5.06,
0.281089638121,0.603006155655,5.07,
0.281089638121,0.603006155725,5.08,
0.281089638121,0.603006155795,5.09,
0.281089638121,0.603006155865,5.1,
0.281089638121,0.603006155935,5.11,
0.281089638121,0.603006156005,5.12,
0.281089638121,0.603006156075,5.13,
0.281089638121,0.603006156146,5.14,
0.281089638121,0.603006156216,5.15,
0.281089638121,0.603006156286,5.16,
0.281089638121,0.603006156356,5.17,
0.281089638121,0.603006156426,5.18,
0.281089638121,0.603006156496,5.19,
0.281089638121,0.603006156566,5.2,
0.281089638121,0.603006156636,5.21,
0.281089638121,0.603006156706,5.22,
0.281089638121,0.603006156776,5.23,
0.281089638121,0.603006156846,5.24,
0.281089638121,0.603006156916,5.25,
0.281089638121,0.603006156986,5.26,
0.281089638121,0.603006157056,5.27,
0.281089638121,0.603006157126,5.28,
0.281089638121,0.603006157197,5.29,
0.281089638121,0.603006157267,5.3,
0.281089638121,0.603006157337,5.31,
0.281089638121,0.603006157407,5.32,
0.281089638121,0.603006157477,5.33,
0.281089638121,0.603006157547,5.34,
0.281089638121,0.603006157617,5.35,
0.281089638121,0.603006157687,5.36,
0.281089638121,0.603006157757,5.37,
0.281089638121,0.603006157828,5.38,
0.281089638121,0.603006157898,5.39,
0.281089638121,0.603006157968,5.4,
0.281089638121,0.603006158038,5.41,
0.281089638121,0.603006158108,5.42,
0.281089638121,0.603006158178,5.43,
0.281089638121,0.603006158248,5.44,
0.281089638121,0.603006158319,5.45,
0.281089638121,0.603006158389,5.46,
0.281089638121,0.603006158459,5.47,
0.281089638121,0.603006158529,5.48,
0.281089638121,0.603006158599,5.49,
0.281089638121,0.603006158669,5.5,
0.281089638121,0.60300615874,5.51,
0.281089638121,0.60300615881,5.52,
0.281089638121,0.60300615888,5.53,
0.281089638121,0.60300615895,5.54,
0.281089638121,0.60300615902,5.55,
0.281089638121,0.60300615909,5.56,
0.281089638121,0.603006159161,5.57,
0.281089638121,0.603006159231,5.58,
0.281089638121,0.603006159301,5.59,
0.281089638121,0.603006159371,5.6,
0.281089638121,0.603006159441,5.61,
0.281089638121,0.603006159512,5.62,
0.281089638121,0.603006159582,5.63,
0.281080744568,0.603006159652,5.64,
0.281080744568,0.603006159722,5.65,
0.281080744568,0.603006159793,5.66,
0.281080744568,0.603006159863,5.67,
0.281080744568,0.603006159933,5.68,
0.281080744568,0.603006160003,5.69,
0.281080744568,0.603006160073,5.7,
0.281080744568,0.603006160144,5.71,
0.281080744568,0.603006160214,5.72,
0.281080744568,0.603006160284,5.73,
0.281080744568,0.603006160354,5.74,
0.281080744568,0.603006160425,5.75,
0.281080744568,0.603006160495,5.76,
0.281080744568,0.603006160565,5.77,
0.281080744568,0.603006160636,5.78,
0.281080744568,0.603006160706,5.79,
0.281080744568,0.603006160776,5.8,
0.281080744568,0.603006160846,5.81,
0.281080744568,0.603006160917,5.82,
0.281080744568,0.603006160987,5.83,
0.281080744568,0.603006161057,5.84,
0.281080744568,0.603006161127,5.85,
0.281080744568,0.603006161198,5.86,
0.281080744568,0.603006161268,5.87,
0.281080744568,0.603006161338,5.88,
0.281080744568,0.603006161409,5.89,
0.281080744568,0.603006161479,5.9,
0.281080744568,0.603006161549,5.91,
0.281080744568,0.60300616162,5.92,
0.281080744568,0.60300616169,5.93,
0.281080744568,0.60300616176,5.94,
0.281080744568,0.603006161831,5.95,
0.281080744568,0.603006161901,5.96,
0.281080744568,0.603006161971,5.97,
0.281080744568,0.603006162042,5.98,
0.281080744568,0.603006162112,5.99,
0.281080744568,0.603006162182,6.0,
0.281080744568,0.603006162253,6.01,
0.281080744568,0.603006162323,6.02,
0.281080744568,0.603006162393,6.03,
0.281080744568,0.603006162464,6.04,
0.281080744568,0.603006162534,6.05,
0.281080744568,0.603006162604,6.06,
0.281080744568,0.603006162675,6.07,
0.281080744568,0.603006162745,6.08,
0.281080744568,0.603006162815,6.09,
0.281080744568,0.603006162886,6.1,
0.281080744568,0.603006162956,6.11,
0.281080744568,0.603006163027,6.12,
0.281080744568,0.603006163097,6.13,
0.281080744568,0.603006163167,6.14,
0.281080744568,0.603006163238,6.15,
0.281080744568,0.603006163308,6.16,
0.281080744568,0.603006163379,6.17,
0.281080744568,0.603006163449,6.18,
0.281080744568,0.603006163519,6.19,
0.281080744568,0.60300616359,6.2,
0.281080744568,0.60300616366,6.21,
0.281080744568,0.603006163731,6.22,
0.281080744568,0.603006163801,6.23,
0.281080744568,0.603006163871,6.24,
0.281080744568,0.603006163942,6.25,
0.281080744568,0.603006164012,6.26,
0.281080744568,0.603006164083,6.27,
0.281080744568,0.603006164153,6.28,
0.281080744568,0.603006164224,6.29,
0.281080744568,0.603006164294,6.3,
0.281080744568,0.603006164365,6.31,
0.281080744568,0.603006164435,6.32,
0.281080744568,0.603006164505,6.33,
0.281080744568,0.603006164576,6.34,
0.281080744568,0.603006164646,6.35,
0.281080744568,0.603006164717,6.36,
0.281080744568,0.603006164787,6.37,
0.281080744568,0.603006164858,6.38,
0.281080744568,0.603006164928,6.39,
0.281080744568,0.603006164999,6.4,
0.281080744568,0.603006165069,6.41,
0.281080744568,0.60300616514,6.42,
0.281080744568,0.60300616521,6.43,
0.281080744568,0.603006165281,6.44,
0.281080744568,0.603006165351,6.45,
0.281080744568,0.603006165422,6.46,
0.281080744568,0.603006165492,6.47,
0.281080744568,0.603006165563,6.48,
0.281080744568,0.603006165633,6.49,
0.281080744568,0.603006165704,6.5,
0.281080744568,0.603006165774,6.51,
0.281080744568,0.603006165845,6.52,
0.281080744568,0.603006165915,6.53,
0.281080744568,0.603006165986,6.54,
0.281080744568,0.603006166056,6.55,
0.281080744568,0.603006166127,6.56,
0.281080744568,0.603006166197,6.57,
0.281080744568,0.603006166268,6.58,
0.281080744568,0.603006166339,6.59,
0.281080744568,0.603006166409,6.6,
0.281080744568,0.60300616648,6.61,
0.281080744568,0.60300616655,6.62,
0.281080744568,0.603006166621,6.63,
0.281080744568,0.603006166691,6.64,
0.281080744568,0.603006166762,6.65,
0.281080744568,0.603006166832,6.66,
0.281080744568,0.603006166903,6.67,
0.281080744568,0.603006166974,6.68,
0.281080744568,0.603006167044,6.69,
0.281080744568,0.603006167115,6.7,
0.281080744568,0.603006167185,6.71,
0.281080744568,0.603006167256,6.72,
0.281080744568,0.603006167327,6.73,
0.281080744568,0.603006167397,6.74,
0.281080744568,0.603006167468,6.75,
0.281080744568,0.603006167538,6.76,
0.281080744568,0.603006167609,6.77,
0.281080744568,0.60300616768,6.78,
0.281080744568,0.60300616775,6.79,
0.281080744568,0.603006167821,6.8,
0.281080744568,0.603006167891,6.81,
0.281080744568,0.603006167962,6.82,
0.281080744568,0.603006168033,6.83,
0.281080744568,0.603006168103,6.84,
0.281080744568,0.603006168174,6.85,
0.281080744568,0.603006168245,6.86,
0.281080744568,0.603006168315,6.87,
0.281080744568,0.603006168386,6.88,
0.281080744568,0.603006168457,6.89,
0.281080744568,0.603006168527,6.9,
0.281080744568,0.603006168598,6.91,
0.281080744568,0.603006168669,6.92,
0.281080744568,0.603006168739,6.93,
0.281080744568,0.60300616881,6.94,
0.281080744568,0.603006168881,6.95,
0.281080744568,0.603006168951,6.96,
0.281080744568,0.603006169022,6.97,
0.281080744568,0.603006169093,6.98,
0.281080744568,0.603006169163,6.99,
0.281080744568,0.603006169234,7.0,
0.281080744568,0.603006169305,7.01,
0.281080744568,0.603006169375,7.02,
0.281080744568,0.603006169446,7.03,
0.281080744568,0.603006169517,7.04,
0.281080744568,0.603006169587,7.05,
0.281080744568,0.603006169658,7.06,
0.281080744568,0.603006169729,7.07,
0.281080744568,0.6030061698,7.08,
0.281080744568,0.60300616987,7.09,
0.281080744568,0.603006169941,7.1,
0.281080744568,0.603006170012,7.11,
0.281080744568,0.603006170082,7.12,
0.281080744568,0.603006170153,7.13,
0.281080744568,0.603006170224,7.14,
0.281080744568,0.603006170295,7.15,
0.281080744568,0.603006170365,7.16,
0.281080744568,0.603006170436,7.17,
0.281080744568,0.603006170507,7.18,
0.281080744568,0.603006170578,7.19,
0.281080744568,0.603006170648,7.2,
0.281080744568,0.603006170719,7.21,
0.281080744568,0.60300617079,7.22,
0.281080744568,0.603006170861,7.23,
0.281080744568,0.603006170932,7.24,
0.281080744568,0.603006171002,7.25,
0.281080744568,0.603006171073,7.26,
0.281080744568,0.603006171144,7.27,
0.281080744568,0.603006171215,7.28,
0.281080744568,0.603006171285,7.29,
0.281080744568,0.603006171356,7.3,
0.281080744568,0.603006171427,7.31,
0.281080744568,0.603006171498,7.32,
0.281080744568,0.603006171569,7.33,
0.281080744568,0.603006171639,7.34,
0.281080744568,0.60300617171,7.35,
0.281080744568,0.603006171781,7.36,
0.281080744568,0.603006171852,7.37,
0.281080744568,0.603006171923,7.38,
0.281080744568,0.603006171994,7.39,
0.281080744568,0.603006172064,7.4,
0.281080744568,0.603006172135,7.41,
0.281080744568,0.603006172206,7.42,
0.281089638121,0.603006172277,7.43,
0.281089638121,0.603006172348,7.44,
0.281089638121,0.603006172419,7.45,
0.281089638121,0.603006172489,7.46,
0.281089638121,0.60300617256,7.47,
0.281089638121,0.603006172631,7.48,
0.281089638121,0.603006172702,7.49,
0.281089638121,0.603006172773,7.5,
0.281089638121,0.603006172844,7.51,
0.281089638121,0.603006172915,7.52,
0.281089638121,0.603006172985,7.53,
0.281089638121,0.603006173056,7.54,
0.281089638121,0.603006173127,7.55,
0.281089638121,0.603006173198,7.56,
0.281089638121,0.603006173269,7.57,
0.281089638121,0.60300617334,7.58,
0.281089638121,0.603006173411,7.59,
0.281089638121,0.603006173482,7.6,
0.281089638121,0.603006173553,7.61,
0.281089638121,0.603006173623,7.62,
0.281089638121,0.603006173694,7.63,
0.281089638121,0.603006173765,7.64,
0.281089638121,0.603006173836,7.65,
0.281089638121,0.603006173907,7.66,
0.281089638121,0.603006173978,7.67,
0.281089638121,0.603006174049,7.68,
0.281089638121,0.60300617412,7.69,
0.281089638121,0.603006174191,7.7,
0.281089638121,0.603006174262,7.71,
0.281089638121,0.603006174333,7.72,
0.281089638121,0.603006174404,7.73,
0.281089638121,0.603006174475,7.74,
0.281089638121,0.603006174546,7.75,
0.281089638121,0.603006174616,7.76,
0.281089638121,0.603006174687,7.77,
0.281089638121,0.603006174758,7.78,
0.281089638121,0.603006174829,7.79,
0.281089638121,0.6030061749,7.8,
0.281089638121,0.603006174971,7.81,
0.281089638121,0.603006175042,7.82,
0.281089638121,0.603006175113,7.83,
0.281089638121,0.603006175184,7.84,
0.281089638121,0.603006175255,7.85,
0.281089638121,0.603006175326,7.86,
0.281089638121,0.603006175397,7.87,
0.281089638121,0.603006175468,7.88,
0.281089638121,0.603006175539,7.89,
0.281089638121,0.60300617561,7.9,
0.281089638121,0.603006175681,7.91,
0.281089638121,0.603006175752,7.92,
0.281089638121,0.603006175823,7.93,
0.281089638121,0.603006175894,7.94,
0.281089638121,0.603006175965,7.95,
0.281089638121,0.603006176036,7.96,
0.281089638121,0.603006176107,7.97,
0.281089638121,0.603006176178,7.98,
0.281089638121,0.603006176249,7.99,
0.281089638121,0.60300617632,8.0,
0.281089638121,0.603006176391,8.01,
0.281089638121,0.603006176462,8.02,
0.281089638121,0.603006176534,8.03,
0.281089638121,0.603006176605,8.04,
0.281089638121,0.603006176676,8.05,
0.281089638121,0.603006176747,8.06,
0.281089638121,0.603006176818,8.07,
0.281089638121,0.603006176889,8.08,
0.281089638121,0.60300617696,8.09,
0.281089638121,0.603006177031,8.1,
0.281089638121,0.603006177102,8.11,
0.281089638121,0.603006177173,8.12,
0.281089638121,0.603006177244,8.13,
0.281089638121,0.603006177315,8.14,
0.281089638121,0.603006177386,8.15,
0.281089638121,0.603006177457,8.16,
0.281089638121,0.603006177529,8.17,
0.281089638121,0.6030061776,8.18,
0.281089638121,0.603006177671,8.19,
0.281089638121,0.603006177742,8.2,
0.281089638121,0.603006177813,8.21,
0.281089638121,0.603006177884,8.22,
0.281089638121,0.603006177955,8.23,
0.281089638121,0.603006178026,8.24,
0.281089638121,0.603006178097,8.25,
0.281089638121,0.603006178169,8.26,
0.281089638121,0.60300617824,8.27,
0.281089638121,0.603006178311,8.28,
0.281089638121,0.603006178382,8.29,
0.281089638121,0.603006178453,8.3,
0.281089638121,0.603006178524,8.31,
0.281089638121,0.603006178595,8.32,
0.281089638121,0.603006178667,8.33,
0.281089638121,0.603006178738,8.34,
0.281089638121,0.603006178809,8.35,
0.281089638121,0.60300617888,8.36,
0.281089638121,0.603006178951,8.37,
0.281089638121,0.603006179022,8.38,
0.281089638121,0.603006179094,8.39,
0.281089638121,0.603006179165,8.4,
0.281089638121,0.603006179236,8.41,
0.281089638121,0.603006179307,8.42,
0.281089638121,0.603006179378,8.43,
0.281089638121,0.603006179449,8.44,
0.281089638121,0.603006179521,8.45,
0.281089638121,0.603006179592,8.46,
0.281089638121,0.603006179663,8.47,
0.281089638121,0.603006179734,8.48,
0.281089638121,0.603006179805,8.49,
0.281089638121,0.603006179877,8.5,
0.281089638121,0.603006179948,8.51,
0.281089638121,0.603006180019,8.52,
0.281089638121,0.60300618009,8.53,
0.281089638121,0.603006180162,8.54,
0.281089638121,0.603006180233,8.55,
0.281089638121,0.603006180304,8.56,
0.281089638121,0.603006180375,8.57,
0.281089638121,0.603006180446,8.58,
0.281089638121,0.603006180518,8.59,
0.281089638121,0.603006180589,8.6,
0.281089638121,0.60300618066,8.61,
0.281089638121,0.603006180731,8.62,
0.281089638121,0.603006180803,8.63,
0.281089638121,0.603006180874,8.64,
0.281089638121,0.603006180945,8.65,
0.281089638121,0.603006181017,8.66,
0.281089638121,0.603006181088,8.67,
0.281089638121,0.603006181159,8.68,
0.281089638121,0.60300618123,8.69,
0.281089638121,0.603006181302,8.7,
0.281089638121,0.603006181373,8.71,
0.281089638121,0.603006181444,8.72,
0.281089638121,0.603006181515,8.73,
0.281089638121,0.603006181587,8.74,
0.281089638121,0.603006181658,8.75,
0.281089638121,0.603006181729,8.76,
0.281089638121,0.603006181801,8.77,
0.281089638121,0.603006181872,8.78,
0.281089638121,0.603006181943,8.79,
0.281089638121,0.603006182015,8.8,
0.281089638121,0.603006182086,8.81,
0.281089638121,0.603006182157,8.82,
0.281089638121,0.603006182229,8.83,
0.281089638121,0.6030061823,8.84,
0.281089638121,0.603006182371,8.85,
0.281089638121,0.603006182443,8.86,
0.281089638121,0.603006182514,8.87,
0.281089638121,0.603006182585,8.88,
0.281089638121,0.603006182657,8.89,
0.281089638121,0.603006182728,8.9,
0.281089638121,0.603006182799,8.91,
0.281089638121,0.603006182871,8.92,
0.281089638121,0.603006182942,8.93,
0.281089638121,0.603006183013,8.94,
0.281089638121,0.603006183085,8.95,
0.281089638121,0.603006183156,8.96,
0.281089638121,0.603006183227,8.97,
0.281089638121,0.603006183299,8.98,
0.281089638121,0.60300618337,8.99,
0.281089638121,0.603006183442,9.0,
0.281089638121,0.603006183513,9.01,
0.281089638121,0.603006183584,9.02,
0.281089638121,0.603006183656,9.03,
0.281089638121,0.603006183727,9.04,
0.281089638121,0.603006183799,9.05,
0.281089638121,0.60300618387,9.06,
0.281089638121,0.603006183941,9.07,
0.281089638121,0.603006184013,9.08,
0.281089638121,0.603006184084,9.09,
0.281089638121,0.603006184156,9.1,
0.281089638121,0.603006184227,9.11,
0.281089638121,0.603006184299,9.12,
0.281089638121,0.60300618437,9.13,
0.281089638121,0.603006184441,9.14,
0.281089638121,0.603006184513,9.15,
0.281089638121,0.603006184584,9.16,
0.281089638121,0.603006184656,9.17,
0.281089638121,0.603006184727,9.18,
0.281089638121,0.603006184799,9.19,
0.281089638121,0.60300618487,9.2,
0.281089638121,0.603006184941,9.21,
0.281089638121,0.603006185013,9.22,
0.281089638121,0.603006185084,9.23,
0.281089638121,0.603006185156,9.24,
0.281089638121,0.603006185227,9.25,
0.281089638121,0.603006185299,9.26,
0.281089638121,0.60300618537,9.27,
0.281089638121,0.603006185442,9.28,
0.281089638121,0.603006185513,9.29,
0.281089638121,0.603006185585,9.3,
0.281089638121,0.603006185656,9.31,
0.281089638121,0.603006185728,9.32,
0.281089638121,0.603006185799,9.33,
0.281089638121,0.603006185871,9.34,
0.281089638121,0.603006185942,9.35,
0.281089638121,0.603006186014,9.36,
0.281080744568,0.603006186085,9.37,
0.281080744568,0.603006186157,9.38,
0.281080744568,0.603006186228,9.39,
0.281080744568,0.6030061863,9.4,
0.281080744568,0.603006186371,9.41,
0.281080744568,0.603006186443,9.42,
0.281080744568,0.603006186514,9.43,
0.281080744568,0.603006186586,9.44,
0.281080744568,0.603006186658,9.45,
0.281080744568,0.603006186729,9.46,
0.281080744568,0.603006186801,9.47,
0.281080744568,0.603006186872,9.48,
0.281080744568,0.603006186944,9.49,
0.281080744568,0.603006187015,9.5,
0.281080744568,0.603006187087,9.51,
0.281080744568,0.603006187158,9.52,
0.281080744568,0.60300618723,9.53,
0.281080744568,0.603006187302,9.54,
0.281080744568,0.603006187373,9.55,
0.281080744568,0.603006187445,9.56,
0.281080744568,0.603006187516,9.57,
0.281080744568,0.603006187588,9.58,
0.281080744568,0.603006187659,9.59,
0.281080744568,0.603006187731,9.6,
0.281080744568,0.603006187803,9.61,
0.281080744568,0.603006187874,9.62,
0.281080744568,0.603006187946,9.63,
0.281080744568,0.603006188017,9.64,
0.281080744568,0.603006188089,9.65,
0.281080744568,0.603006188161,9.66,
0.281080744568,0.603006188232,9.67,
0.281080744568,0.603006188304,9.68,
0.281080744568,0.603006188376,9.69,
0.281080744568,0.603006188447,9.7,
0.281080744568,0.603006188519,9.71,
0.281080744568,0.60300618859,9.72,
0.281080744568,0.603006188662,9.73,
0.281080744568,0.603006188734,9.74,
0.281080744568,0.603006188805,9.75,
0.281080744568,0.603006188877,9.76,
0.281080744568,0.603006188949,9.77,
0.281080744568,0.60300618902,9.78,
0.281080744568,0.603006189092,9.79,
0.281080744568,0.603006189164,9.8,
0.281080744568,0.603006189235,9.81,
0.281080744568,0.603006189307,9.82,
0.281080744568,0.603006189379,9.83,
0.281080744568,0.60300618945,9.84,
0.281080744568,0.603006189522,9.85,
0.281080744568,0.603006189594,9.86,
0.281080744568,0.603006189665,9.87,
0.281080744568,0.603006189737,9.88,
0.281080744568,0.603006189809,9.89,
0.281080744568,0.60300618988,9.9,
0.281080744568,0.603006189952,9.91,
0.281080744568,0.603006190024,9.92,
0.281080744568,0.603006190096,9.93,
0.281080744568,0.603006190167,9.94,
0.281080744568,0.603006190239,9.95,
0.281080744568,0.603006190311,9.96,
0.281080744568,0.603006190382,9.97,
0.281080744568,0.603006190454,9.98,
0.281080744568,0.603006190526,9.99,
