Err,iter,Loss,
0.511450449569,0,0.535205129801,
0.505598491653,1,0.530037975472,
0.500377976005,2,0.524675162974,
0.493841214504,3,0.51911669231,
0.487304453002,4,0.513940644427,
0.48079437216,5,0.508586725483,
0.474141994468,6,0.503357316281,
0.467578552307,7,0.497407529282,
0.461157406996,8,0.491351019646,
0.455038642488,9,0.485632465026,
0.447977161356,10,0.479246893927,
0.441431506301,11,0.473697316815,
0.435277167581,12,0.467809784687,
0.428491386594,13,0.462117910727,
0.423270870946,14,0.456417143213,
0.417925845555,15,0.45045846266,
0.412118355404,16,0.444677653169,
0.406719968695,17,0.438852375913,
0.401579495024,18,0.433373947226,
0.396536850437,19,0.42818900579,
0.391600928487,20,0.423128574097,
0.387189726168,21,0.418548394269,
0.383267669267,22,0.414368424329,
0.37909659288,23,0.409512544357,
0.374809900303,24,0.405626061668,
0.370256401135,25,0.401837408063,
0.365907453687,26,0.397986499586,
0.362065438763,27,0.394091123345,
0.359139459806,28,0.390613744097,
0.355706548323,29,0.387652190927,
0.352744995153,30,0.384708424863,
0.349961313044,31,0.381604574844,
0.347097588958,32,0.378794212076,
0.344322800402,33,0.376126146157,
0.341921541075,34,0.373600377087,
0.339511388195,35,0.371243585525,
0.337376935459,36,0.368717816455,
0.335571544188,37,0.366254302256,
0.333783940022,38,0.36394197846,
0.332263142448,39,0.361656335323,
0.330537793154,40,0.359593031012,
0.328892485837,41,0.357805426846,
0.327060413906,42,0.356320203484,
0.325397319483,43,0.354336941151,
0.323974350993,44,0.352825037131,
0.322391298548,45,0.350921816775,
0.32100390427,46,0.349365444989,
0.319527574461,47,0.348040305582,
0.318255796373,48,0.346217127204,
0.316992911838,49,0.344473990804,
0.315623304666,50,0.343015448102,
0.314333739472,51,0.34187707331,
0.313248725999,52,0.340961037344,
0.312270435162,53,0.339511388195,
0.310891934437,54,0.33833743919,
0.309860282281,55,0.337163490186,
0.309024288293,56,0.336496473706,
0.308312804048,57,0.335464821551,
0.30738787453,58,0.334326446759,
0.306374009481,59,0.333188071967,
0.30552912194,60,0.331871826113,
0.304888786119,61,0.331053619231,
0.304168408321,62,0.330173157478,
0.303465817629,63,0.32924822796,
0.302843268914,64,0.328616785692,
0.301953913608,65,0.327887514341,
0.30111791962,66,0.327007052588,
0.300522051565,67,0.326295568343,
0.299712738236,68,0.325610764757,
0.299107976628,69,0.325130512891,
0.298405385936,70,0.324748090109,
0.297898453411,71,0.32417000916,
0.297329266015,72,0.323511886234,
0.296635568876,73,0.323084995687,
0.296030807268,74,0.322604743821,
0.295408258553,75,0.322160066168,
0.294812390498,76,0.321768749833,
0.294394393504,77,0.321101733353,
0.294020864275,78,0.320265739366,
0.293522825304,79,0.319714339076,
0.292962531461,80,0.319189619445,
0.292357769853,81,0.318460348094,
0.291824156669,82,0.317980096228,
0.291237182167,83,0.317570992787,
0.290659101218,84,0.317046273157,
0.290152168693,85,0.316663850375,
0.289654129721,86,0.315979046789,
0.28936064247,87,0.315507688477,
0.289164984303,88,0.314974075293,
0.288862603499,89,0.314538291193,
0.288355670974,90,0.314155868411,
0.287875419109,91,0.313737871417,
0.287555251198,92,0.313373235741,
0.287208402629,93,0.313061961384,
0.286897128272,94,0.312537241753,
0.286416876406,95,0.312341583586,
0.286158963367,96,0.311825757508,
0.285865476116,97,0.311345505643,
0.285500840441,98,0.310945295755,
0.285136204765,99,0.31046504389,
0.284549230263,100,0.310153769532,
0.284229062353,101,0.309869175834,
0.283659874957,102,0.309540114371,
0.283375281259,103,0.3094778595,
0.283144048879,104,0.309157691589,
0.28268158412,105,0.308855310785,
0.282441458187,106,0.308713013936,
0.282076822511,107,0.308232762071,
0.281881164344,108,0.308010423244,
0.281400912479,109,0.307619106909,
0.28123193497,110,0.307227790575,
0.281089638121,111,0.306943196877,
0.280956234825,112,0.306694177391,
0.28059159915,113,0.306409583693,
0.280369260323,114,0.306036054464,
0.280084666625,115,0.305742567213,
0.279915689117,116,0.305511334833,
0.279639988972,117,0.30541350575,
0.279204204872,118,0.305093337839,
0.278777314325,119,0.304764276376,
0.278448252862,120,0.304461895572,
0.278092510739,121,0.304275130958,
0.277887959019,122,0.304115047002,
0.277692300851,123,0.303821559751,
0.277487749131,124,0.303465817629,
0.277265410304,125,0.303234585249,
0.277069752137,126,0.303154543272,
0.276856306863,127,0.303030033529,
0.276571713165,128,0.302745439831,
0.276349374339,129,0.302549781663,
0.276135929065,130,0.302327442837,
0.275949164451,131,0.302176252435,
0.275646783647,132,0.301891658737,
0.275504486798,133,0.301607065039,
0.27519321244,134,0.301269110022,
0.274953086508,135,0.301020090536,
0.274810789659,136,0.300788858157,
0.274721854128,137,0.300406435375,
0.274570663726,138,0.300290819185,
0.274366112005,139,0.300068480359,
0.27409041186,140,0.299783886661,
0.273876966587,141,0.299606015599,
0.273619053548,142,0.299508186516,
0.273183269448,143,0.299356996114,
0.272934249962,144,0.299188018605,
0.272987611281,145,0.298921212013,
0.272818633772,146,0.298796702271,
0.272676336923,147,0.29859215055,
0.272614082052,148,0.29836091817,
0.272373956119,149,0.298183047109,
0.272285020589,150,0.298165260003,
0.272178297952,151,0.297996282495,
0.272009320444,152,0.297818411434,
0.271849236488,153,0.297622753266,
0.27168025898,154,0.297533817736,
0.271502387919,155,0.297338159568,
0.271315623305,156,0.297017991658,
0.271146645796,157,0.296920162574,
0.270915413417,158,0.296608888217,
0.270799797227,159,0.296484378474,
0.2705774584,160,0.296359868731,
0.270506309976,161,0.29606638148,
0.270159461406,162,0.296021913715,
0.269928229027,163,0.295844042653,
0.269670315988,164,0.295595023168,
0.269447977161,165,0.295497194084,
0.269323467418,166,0.295301535917,
0.269145596357,167,0.295185919727,
0.269056660827,168,0.294883538923,
0.268905470424,169,0.294785709839,
0.268745386469,170,0.294634519437,
0.268487473431,171,0.294518903247,
0.268327389475,172,0.294492222588,
0.268211773286,173,0.29429656442,
0.268140624861,174,0.294163161125,
0.267980540906,175,0.293985290063,
0.267971647353,176,0.29377184479,
0.267882711822,177,0.2936562286,
0.267838244057,178,0.293487251092,
0.267669266549,179,0.29354061241,
0.26741135351,180,0.29354061241,
